743
20
743
743
358
20
358
20
743
20
358
35
35
358
471
29
358
20
20
743
20
743
35
743
743
743
743
770
743
358
743
35
70
743
471
673
35
673
20
20
743
471
673
673
659
471
20
673
743
743
743
673
743
358
35
20
743
471
743
673
358
35
743
673
743
358
20
358
743
743
20
471
743
743
358
743
743
673
35
743
471
743
20
20
20
743
20
743
673
118
358
743
673
20
20
743
35
743
358
718
118
358
743
743
358
35
118
20
20
673
358
471
673
20
358
803
743
743
20
743
471
743
743
743
358
358
770
35
743
20
471
743
743
743
471
673
743
743
118
743
803
743
20
197
743
743
471
518
673
743
471
743
743
471
803
743
118
673
743
20
29
358
20
743
743
471
743
471
358
35
471
20
197
471
743
743
743
743
20
659
471
743
35
673
743
20
358
743
743
743
743
673
743
743
20
743
743
743
313
528
471
471
471
35
743
673
743
471
743
20
743
743
743
673
743
20
358
70
358
20
659
471
436
35
471
743
471
20
35
358
743
673
673
673
743
35
358
673
35
20
673
471
471
471
743
743
471
743
20
35
35
743
197
743
743
743
743
673
358
743
673
20
743
358
358
673
20
743
358
358
743
673
743
743
803
35
471
743
707
358
20
743
20
673
20
20
673
743
358
743
20
958
20
743
743
20
20
20
471
743
20
743
612
673
118
743
743
743
743
743
358
358
743
743
743
20
29
743
803
20
673
673
20
743
743
743
358
358
358
743
20
743
743
118
743
471
358
615
471
471
743
673
743
743
743
743
20
743
471
673
313
35
659
358
20
673
743
313
743
958
118
803
118
743
358
358
673
197
673
673
118
673
35
197
743
471
20
743
20
471
471
358
436
743
471
673
743
762
743
118
743
743
20
743
642
358
743
803
673
358
673
673
471
20
743
743
743
743
743
358
35
29
743
358
743
20
743
20
743
35
436
20
743
20
743
743
35
743
20
20
358
743
743
743
118
743
743
743
743
673
743
35
743
673
743
673
20
743
673
197
358
743
743
673
713
673
743
673
743
20
743
803
743
20
673
743
743
471
358
673
20
35
803
358
358
673
358
38
743
673
743
743
743
118
743
20
743
743
471
491
471
743
743
673
743
358
20
743
35
673
20
358
118
471
20
743
20
358
118
358
743
118
743
743
20
471
743
20
743
29
743
118
743
743
743
358
743
673
358
743
20
743
673
743
743
20
471
20
471
743
743
35
20
471
118
471
20
20
20
743
471
673
118
743
743
358
743
471
20
770
743
528
20
20
20
471
313
743
358
358
20
743
471
358
743
20
20
743
20
673
743
743
673
471
743
743
743
20
673
20
471
743
743
743
743
197
743
673
743
358
743
20
743
358
20
20
20
743
743
358
673
471
118
743
35
615
35
20
743
743
20
20
743
743
743
70
20
20
743
743
471
20
743
20
358
358
659
29
118
20
743
743
471
673
743
743
673
471
743
358
358
673
35
471
743
743
20
743
640
358
471
743
358
743
673
358
20
358
743
20
743
743
528
35
358
20
197
673
743
20
20
20
471
743
770
743
471
673
358
471
743
743
471
743
659
471
471
471
743
743
743
673
743
673
358
743
673
358
358
471
491
118
673
20
471
20
673
743
743
743
471
471
743
20
436
743
743
640
471
958
197
471
20
743
743
743
20
803
358
20
29
743
713
673
358
20
673
743
358
743
20
743
20
743
358
29
743
358
743
29
803
743
471
20
743
358
471
743
20
471
713
35
743
20
358
134
118
35
803
20
743
743
743
197
20
743
118
743
743
20
20
20
436
743
197
743
743
673
20
20
471
20
673
518
673
358
743
743
358
20
743
743
35
471
358
471
743
20
518
743
471
471
29
358
743
803
743
743
436
20
35
743
743
20
743
743
20
743
743
743
673
743
20
743
20
743
20
770
358
743
743
471
471
20
20
673
358
743
20
29
20
20
35
471
471
471
471
35
358
20
673
743
743
20
358
743
20
35
471
743
471
20
743
528
640
743
358
471
358
743
642
743
743
471
743
20
471
471
471
471
743
471
743
20
743
743
673
743
358
20
118
20
743
35
743
471
743
358
35
659
743
358
471
673
743
743
743
358
29
803
743
358
743
640
471
743
471
743
673
803
295
743
471
471
743
20
20
803
743
20
673
358
20
743
20
358
358
743
743
743
673
743
673
471
358
803
743
743
803
35
118
471
20
743
35
743
743
471
743
313
743
743
743
743
29
29
471
743
743
20
743
743
471
35
20
673
528
718
673
471
358
743
197
673
35
471
743
471
358
471
29
743
743
743
713
743
20
743
743
743
743
743
743
20
471
358
743
20
743
743
20
673
358
743
471
743
743
20
471
743
673
743
20
471
471
471
743
673
743
471
471
20
743
35
673
743
743
673
20
673
29
743
743
35
743
659
471
197
20
358
118
358
358
743
673
659
743
743
743
70
471
673
743
20
743
20
35
35
743
743
20
35
743
35
20
471
471
436
20
20
20
471
743
29
743
436
20
358
118
471
743
358
743
803
20
743
743
20
358
743
358
743
358
743
673
20
673
743
358
743
743
471
197
20
743
743
358
743
743
20
743
743
471
29
471
743
18
20
471
743
673
471
673
743
35
673
673
471
20
20
743
197
743
743
20
743
743
20
743
20
358
471
20
471
35
673
743
743
20
743
471
20
358
471
29
20
743
673
743
471
20
20
743
743
358
471
358
358
743
743
358
743
118
789
358
358
743
358
673
197
471
358
358
358
743
615
743
471
743
20
471
358
471
743
35
673
743
471
640
743
20
743
673
743
673
35
471
743
743
35
118
743
743
471
743
659
35
20
20
743
20
471
673
743
152
35
743
197
358
29
743
803
743
743
743
659
20
673
743
743
20
743
673
20
118
20
743
743
673
197
743
673
35
20
743
197
743
471
743
20
743
358
743
673
518
358
673
471
673
471
471
118
743
20
743
35
743
743
358
743
673
743
743
20
20
358
471
20
197
612
358
743
20
673
471
673
743
20
471
673
35
471
743
743
20
358
673
820
35
20
743
471
743
743
471
770
471
471
743
471
358
673
358
743
20
743
673
743
35
358
358
673
358
20
20
673
713
358
743
743
358
20
20
743
471
358
20
20
743
770
471
673
743
743
358
743
743
118
743
35
673
358
471
471
20
20
197
743
358
20
20
673
20
673
743
358
20
20
152
20
743
743
20
29
20
803
673
436
295
743
743
673
358
743
20
743
471
743
471
673
743
20
118
743
35
35
743
471
743
743
313
358
20
743
743
743
20
743
20
471
958
35
358
20
20
471
471
743
471
358
358
743
743
471
615
471
118
743
358
471
20
743
20
20
673
743
471
358
358
743
471
471
743
18
35
743
743
743
358
35
803
673
358
743
471
20
820
743
673
197
471
471
197
673
118
20
20
197
743
803
743
673
743
152
471
471
358
358
197
743
471
358
640
743
118
673
743
358
35
673
743
20
743
743
743
743
743
197
743
20
743
673
358
35
673
358
528
803
743
20
29
35
743
118
471
471
471
743
743
743
743
743
743
673
673
20
743
358
743
358
118
673
20
471
358
743
743
743
743
20
713
743
20
20
713
743
958
118
20
35
20
20
743
471
70
358
673
197
743
35
743
743
29
743
358
743
803
743
471
743
471
471
743
673
35
35
743
779
20
118
743
358
743
743
743
673
743
673
20
20
20
20
743
20
743
673
20
436
358
743
471
197
29
471
743
743
358
528
673
471
20
743
436
743
673
673
20
673
743
673
770
673
673
358
20
673
20
358
35
20
20
35
20
197
471
743
471
743
35
35
20
743
743
20
673
20
20
358
789
615
673
743
743
358
358
358
358
743
471
743
20
743
673
358
673
743
673
673
743
35
743
471
358
35
743
358
358
358
743
471
20
471
518
743
35
358
743
518
673
471
471
35
20
358
673
743
35
743
471
673
673
20
640
673
20
743
20
743
743
20
20
743
743
471
743
743
673
35
743
743
673
659
118
20
673
743
673
743
358
743
743
673
35
358
803
20
673
743
673
471
20
358
35
743
358
743
673
471
743
518
471
673
619
743
743
20
358
743
358
673
743
743
743
673
20
20
800
743
743
743
743
20
471
20
358
471
35
358
471
436
358
20
743
673
471
518
673
743
471
615
20
673
358
743
743
673
118
743
673
20
743
358
35
358
35
358
20
743
743
743
358
743
673
29
673
673
673
743
642
20
471
471
118
743
673
471
20
358
673
358
471
743
743
743
358
743
35
471
471
20
673
673
20
471
743
358
743
20
358
197
673
20
743
743
673
743
20
358
673
35
743
358
471
743
471
20
673
743
471
743
358
471
35
743
743
743
358
118
743
743
743
29
358
743
743
743
743
673
436
20
743
358
35
471
358
20
673
673
358
358
743
743
358
743
358
20
20
436
673
743
118
673
743
20
518
743
358
471
20
743
471
743
471
20
20
743
358
612
673
358
358
743
673
743
743
743
20
743
673
20
358
743
743
743
803
743
743
743
471
20
743
743
471
743
743
743
673
743
743
471
673
20
358
471
743
743
471
471
743
673
358
20
743
673
20
20
743
471
743
743
20
743
743
20
20
35
35
743
673
358
35
673
673
743
673
743
358
152
197
118
743
743
673
743
673
743
743
713
743
471
471
743
20
803
358
471
471
673
673
673
20
358
743
358
20
743
743
743
743
743
20
743
743
743
358
20
20
743
20
358
358
673
743
673
471
35
471
659
35
743
358
673
673
20
743
673
743
471
743
673
743
743
471
743
358
743
743
518
743
528
743
743
20
743
35
358
673
673
358
743
743
743
673
20
673
673
197
743
471
20
471
358
358
803
358
471
743
20
35
743
358
673
743
358
20
673
35
295
743
20
743
471
436
673
743
743
789
20
743
743
673
358
358
358
471
358
743
118
743
20
20
743
20
20
743
743
358
35
35
471
20
118
673
471
358
358
673
528
358
743
471
20
20
20
673
471
642
358
358
673
358
673
743
743
358
673
518
70
358
471
471
743
471
743
358
471
471
358
743
471
743
471
673
20
20
358
673
743
673
35
152
358
358
743
528
673
743
673
471
436
673
673
358
20
743
358
20
358
615
518
743
673
436
743
35
20
673
20
743
20
471
673
358
20
471
20
197
743
471
358
197
358
743
820
743
436
673
471
358
471
673
528
673
471
743
358
743
358
197
743
673
743
20
673
673
358
673
673
358
197
20
673
20
743
295
94
20
471
743
471
743
528
20
743
673
358
20
358
358
743
673
673
358
673
673
20
471
743
358
358
20
35
743
118
358
673
35
358
20
471
358
35
197
20
358
743
642
673
743
743
673
743
471
358
743
358
358
358
358
471
471
20
673
436
743
743
20
471
743
471
20
528
471
20
471
673
358
673
358
743
358
358
20
471
358
358
743
471
358
673
20
471
673
20
743
20
673
673
673
743
35
358
673
118
20
20
471
358
743
673
673
743
20
743
118
358
20
673
358
358
358
35
743
743
20
20
743
197
673
20
197
20
673
358
358
743
673
358
358
471
743
358
743
528
35
20
20
20
358
471
518
471
436
471
743
743
743
35
743
673
20
673
20
20
743
118
673
673
471
471
743
743
358
358
20
358
358
743
673
118
471
673
471
743
640
743
20
358
743
20
35
743
743
358
20
35
197
20
743
471
20
673
743
35
673
35
35
673
673
20
20
358
358
471
673
803
152
743
471
673
743
471
673
358
358
35
673
358
803
20
673
673
673
358
673
35
358
20
20
20
20
20
673
20
20
35
471
743
358
20
20
673
358
743
743
20
673
471
673
358
673
358
743
358
673
803
197
640
673
436
673
352
0
637
675
587
302
641
523
129
1013
276
89
523
1005
302
302
302
129
510
523
148
661
630
523
243
523
51
315
129
129
1005
322
510
600
510
523
423
102
637
129
523
423
664
838
641
302
523
302
1005
341
302
523
523
675
797
523
600
944
276
641
302
931
637
797
102
587
523
322
102
102
129
102
510
523
302
523
641
243
354
642
931
129
302
811
797
587
510
1005
641
587
523
675
637
302
374
630
1005
510
641
269
646
352
843
510
344
630
641
510
129
276
315
523
129
523
523
637
416
1013
352
811
344
931
523
637
523
510
843
646
344
523
322
510
838
523
419
641
675
344
1005
129
523
302
641
675
129
1013
523
523
523
523
587
1013
523
302
630
637
0
1013
302
523
811
587
344
675
510
625
675
523
675
510
1005
797
302
661
523
276
510
1005
1005
302
302
51
302
931
302
89
647
523
510
129
129
510
812
931
1013
352
344
354
243
523
675
1005
302
410
510
0
243
243
523
344
1005
269
642
510
646
1005
129
1013
1013
0
1005
641
322
504
523
7
843
664
51
510
102
504
535
675
637
931
1013
1005
870
637
1005
931
637
1013
302
302
587
315
600
637
1005
843
243
931
7
410
302
675
185
7
276
51
523
344
523
811
510
600
587
797
637
102
416
642
641
419
510
523
587
931
523
625
642
675
185
129
302
797
129
0
600
637
812
1005
504
302
675
587
637
523
276
302
302
129
302
535
129
416
243
243
523
302
870
523
931
675
630
510
419
185
344
743
302
129
675
302
587
1005
243
302
7
276
1005
811
587
129
276
302
587
91
523
582
637
344
843
637
523
129
1005
630
637
523
7
302
944
523
510
523
523
523
510
637
302
641
416
289
302
641
129
811
811
51
510
354
302
812
344
302
269
600
931
931
1013
641
675
838
812
523
523
289
587
1005
302
276
641
102
344
302
637
587
646
352
344
642
344
587
102
523
1013
7
1005
637
352
1005
661
344
374
185
646
625
1013
675
0
510
675
523
344
410
354
587
396
523
675
510
1013
587
637
302
510
315
870
243
510
276
510
641
276
641
838
352
812
344
344
587
423
1013
423
243
812
647
641
504
587
675
129
102
89
811
289
587
423
642
641
148
419
302
642
1005
1013
523
523
510
812
510
812
510
276
510
89
523
641
510
129
523
641
931
0
637
510
416
641
344
587
243
1013
129
870
535
641
675
675
642
587
587
423
675
523
302
185
510
243
641
51
523
523
641
523
302
587
352
833
302
641
600
419
185
117
89
302
646
587
637
510
510
148
556
931
243
344
642
587
0
102
797
1005
510
423
523
7
269
302
600
396
625
129
302
322
129
129
416
523
416
102
523
523
797
510
243
269
243
352
322
1005
641
637
410
1005
7
276
630
812
322
1005
1005
675
523
523
944
243
641
315
344
812
344
302
637
302
344
523
243
91
419
269
523
302
661
498
302
1013
587
523
675
302
1013
416
344
1005
1005
510
510
510
416
523
523
1013
7
641
89
675
600
523
185
625
129
642
637
315
642
269
743
510
498
523
642
587
302
510
510
523
523
410
269
523
416
102
129
870
630
423
931
641
523
587
243
523
523
129
600
523
504
870
510
510
302
352
523
641
396
600
243
185
344
423
587
523
523
322
675
1013
675
322
931
664
416
637
344
269
510
243
243
811
811
269
641
675
243
812
129
302
1013
302
1005
1013
510
587
344
641
523
523
302
354
637
535
637
523
1005
675
504
523
637
637
354
642
523
510
637
352
243
0
1013
510
523
302
510
510
243
51
129
344
344
600
641
523
419
504
302
797
148
523
641
243
641
675
243
870
344
641
243
129
352
600
510
833
675
587
302
51
504
148
523
129
276
302
843
637
1013
523
523
322
344
129
315
344
344
642
523
416
625
675
510
523
302
523
1005
315
126
510
1005
354
637
675
630
302
322
302
843
523
302
675
129
416
322
647
129
423
185
510
600
642
642
625
510
642
523
584
523
587
812
510
838
1013
510
600
344
243
129
556
637
523
931
641
1013
510
600
523
276
148
498
129
302
1013
129
243
1005
637
129
510
523
641
600
641
743
641
523
129
641
637
1005
523
510
1005
510
1005
243
637
396
1013
51
641
1013
0
510
89
510
1013
243
102
510
523
243
1013
870
641
243
302
661
1013
276
797
944
838
870
641
931
870
812
344
129
641
642
102
838
302
523
129
504
148
797
523
243
510
1005
1005
675
944
302
642
243
641
523
675
51
1013
523
510
812
344
944
870
637
129
641
51
102
637
600
51
51
344
1013
797
675
289
341
416
374
1005
641
302
637
870
523
523
302
51
675
315
510
630
148
523
7
510
582
423
523
510
870
302
637
510
523
838
315
416
129
523
1013
675
647
302
1013
641
354
812
302
510
276
344
423
641
302
419
1005
523
675
315
510
523
642
1005
504
1005
510
637
641
587
302
344
344
838
523
797
510
797
322
523
129
416
129
510
7
354
931
51
587
637
630
1013
129
641
646
129
302
51
641
587
523
302
510
641
269
838
302
1005
641
344
510
243
129
630
1013
51
302
587
302
102
1005
410
1005
51
523
410
416
1005
523
637
269
129
129
641
243
374
637
102
811
243
148
523
523
587
641
243
641
510
185
1013
344
630
523
129
641
1013
642
243
510
642
148
396
523
641
1005
344
523
587
642
354
243
523
51
523
587
302
523
243
523
838
523
510
102
675
641
51
587
675
523
1005
641
416
51
51
374
302
675
641
637
243
302
1013
302
812
1005
510
302
243
344
510
630
1005
811
354
843
523
102
870
637
102
302
843
344
243
243
185
675
931
523
797
797
341
1005
587
642
302
51
641
51
102
637
630
637
344
102
352
510
1005
523
344
641
322
523
523
302
811
510
51
641
833
637
1005
1005
641
944
641
641
510
641
344
523
523
661
504
302
180
302
510
833
510
1005
302
843
89
523
931
315
675
354
1013
641
641
269
1013
838
641
129
510
1005
129
504
833
51
637
641
419
675
510
587
129
344
243
302
523
185
641
641
641
641
637
587
1005
637
510
587
600
51
374
102
510
51
117
641
637
344
89
510
675
641
302
510
523
302
642
322
523
523
675
344
276
587
811
302
89
630
510
587
102
523
302
523
89
276
587
315
315
587
641
584
587
102
641
600
1013
51
423
243
523
510
51
344
322
510
302
129
129
1005
510
1013
523
625
637
797
637
243
129
637
102
675
51
302
838
510
352
641
352
322
7
1013
7
523
302
523
582
148
302
344
510
504
352
510
587
630
1013
322
1013
289
423
315
523
1013
1005
129
302
416
269
812
675
510
352
1005
129
276
302
523
354
302
523
344
625
302
523
1013
322
811
302
641
322
587
510
587
675
641
129
1005
797
302
642
641
344
510
344
931
354
587
812
587
302
510
931
587
587
423
587
354
523
510
180
641
1005
641
423
1013
675
302
641
600
523
423
1013
523
322
587
1013
641
396
419
276
523
523
582
1013
625
315
510
302
675
1013
523
185
641
641
510
641
243
944
129
510
396
302
641
587
675
523
289
642
322
642
510
870
1013
675
510
1005
523
523
797
523
630
243
243
289
302
1005
344
523
587
1013
556
510
587
416
641
523
504
535
423
523
812
1013
812
315
1013
410
630
129
302
185
510
600
315
423
302
944
289
523
1005
675
587
243
504
510
523
416
812
642
630
7
302
344
675
185
322
129
129
315
931
587
641
641
637
510
523
302
504
641
797
510
641
1005
600
51
129
944
419
646
838
423
374
812
243
1005
504
315
510
510
276
523
302
642
1005
587
523
931
344
637
322
51
51
423
416
302
812
322
185
641
510
129
838
243
344
419
302
523
642
587
243
641
675
587
315
523
931
302
523
523
811
423
322
0
535
243
322
637
322
944
355
276
835
642
1005
1013
91
587
129
129
523
641
302
637
510
931
587
510
812
587
641
675
302
302
289
243
269
637
269
322
129
51
510
355
523
870
302
1013
1005
523
322
523
641
587
510
812
510
642
510
675
344
410
510
812
129
641
344
315
419
812
944
642
812
661
835
587
812
523
302
661
523
344
354
675
523
102
126
1005
1005
1005
129
510
812
510
302
675
812
931
302
129
302
646
797
510
344
0
510
523
797
600
289
102
523
344
343
535
510
344
289
587
269
870
523
642
322
625
647
302
675
870
102
523
416
637
642
637
302
510
510
641
302
504
523
535
675
302
630
510
302
269
315
355
641
489
523
523
523
675
523
344
129
302
587
510
315
1013
129
344
641
510
416
243
129
675
535
498
396
510
587
642
404
1005
315
931
302
504
1013
835
344
1013
510
510
504
630
302
812
637
523
344
289
302
870
354
523
137
641
302
523
625
344
243
641
243
7
675
587
510
1005
641
523
355
510
523
289
1013
510
129
315
302
584
510
523
675
587
641
302
835
641
302
322
89
302
289
523
587
510
625
675
931
302
535
91
302
352
1005
419
523
535
302
102
129
504
587
276
641
675
523
504
523
354
344
243
344
322
302
600
642
129
812
180
870
416
630
600
276
504
51
269
535
302
129
51
352
637
675
587
355
838
302
302
302
416
1005
322
600
587
1013
180
944
523
812
302
344
523
600
641
302
243
344
102
289
354
7
322
243
419
1013
587
523
355
523
129
535
1013
322
1005
302
510
352
641
302
642
637
352
811
344
682
646
419
675
344
354
637
838
835
523
1005
641
637
51
243
322
835
675
289
587
302
510
812
641
625
102
510
587
510
315
322
416
838
523
1005
302
126
523
523
675
302
1013
675
416
587
315
315
535
641
812
344
315
641
625
523
1005
354
1013
302
129
302
243
102
315
641
419
7
302
523
289
7
302
1013
7
811
523
302
812
302
582
523
416
587
637
89
510
510
587
1005
302
243
1013
510
641
243
642
625
243
302
642
129
510
641
302
811
1005
102
675
354
344
510
416
510
661
870
352
587
302
523
1005
641
1005
641
322
302
625
322
523
579
811
641
510
7
352
89
498
523
51
315
579
523
838
641
0
243
637
344
355
797
797
523
944
89
797
510
587
322
870
931
302
243
243
641
423
498
523
504
302
523
510
355
344
797
523
344
352
812
137
322
587
587
510
344
797
523
870
625
322
642
129
523
535
944
1005
315
423
675
322
641
504
102
811
315
7
510
302
302
344
625
416
812
416
642
315
91
302
51
504
641
523
302
675
838
931
0
7
587
344
419
322
344
510
243
289
322
419
322
322
812
269
269
675
315
641
510
289
675
416
812
1005
625
944
302
675
289
675
630
302
7
423
510
315
243
302
523
811
625
129
641
1005
641
641
675
1005
812
302
523
269
510
302
637
180
510
315
523
675
243
302
302
269
354
404
812
523
675
944
641
404
587
587
523
582
344
276
510
289
637
322
322
289
180
637
641
675
675
302
243
302
523
1005
1005
641
625
302
1013
797
523
797
1005
587
641
7
535
523
582
102
302
504
344
302
1013
944
510
354
276
1013
661
302
302
587
7
641
682
675
510
269
344
637
302
1013
675
180
642
625
641
243
523
126
584
355
641
835
322
944
641
302
51
675
416
510
523
944
641
322
1013
180
641
504
302
344
523
523
510
587
625
129
269
302
523
355
944
587
642
7
523
354
344
510
344
510
243
302
587
302
587
641
1005
302
587
510
343
322
419
315
1005
1005
126
7
641
523
354
243
416
523
535
587
812
315
535
1005
419
344
91
243
641
523
243
641
647
523
637
102
352
587
1005
510
812
523
344
302
641
416
344
523
51
1005
1013
51
1013
587
510
129
641
510
129
302
811
812
523
315
344
102
137
302
812
302
811
1013
587
0
302
322
675
625
1013
642
812
344
129
1005
7
675
243
51
523
510
523
243
630
410
419
1005
587
675
1013
504
641
587
289
870
276
797
344
243
675
423
1005
322
625
523
102
302
579
587
510
587
682
289
642
587
344
630
302
630
510
416
642
344
51
944
1005
102
0
129
322
600
523
523
1013
344
523
510
180
510
523
661
416
315
812
51
129
180
523
243
510
675
642
870
510
510
322
661
156
514
514
655
35
35
45
990
990
956
58
413
58
35
316
990
891
750
58
999
45
890
35
990
35
948
35
956
655
948
750
689
55
990
486
514
934
35
73
148
35
156
655
990
974
918
35
213
35
35
156
156
213
58
35
514
58
750
35
156
948
413
655
514
35
514
35
35
918
177
58
514
918
739
956
655
689
891
351
58
143
932
35
35
35
213
271
990
58
514
655
351
990
514
514
147
251
453
35
35
316
948
45
58
756
514
301
1008
486
143
750
948
932
17
932
655
213
655
312
934
891
726
514
35
301
453
703
514
58
312
364
486
990
35
750
271
58
35
35
514
58
750
948
974
213
58
617
514
35
756
177
990
143
918
617
174
486
58
486
147
312
45
312
58
58
918
514
35
490
45
58
312
999
35
143
932
956
990
750
990
990
58
818
301
143
351
486
35
413
147
948
655
35
948
58
35
974
891
364
948
35
58
990
351
35
58
891
213
990
35
35
514
58
35
58
486
990
213
956
514
726
891
58
539
156
213
316
316
147
364
514
213
58
35
58
453
58
45
990
312
35
514
725
948
535
147
58
35
655
35
934
990
990
58
453
948
932
35
316
312
45
301
364
514
35
486
58
73
948
413
58
655
934
655
948
35
301
55
301
58
35
58
35
35
58
948
726
58
956
756
617
213
58
990
726
35
990
918
486
143
548
35
483
934
990
143
413
990
486
514
990
750
956
351
35
35
35
48
213
35
35
750
990
213
514
514
891
514
891
891
58
35
999
486
655
58
35
754
948
514
726
999
990
990
35
934
156
213
453
956
312
948
891
514
147
956
351
1008
486
948
990
918
918
35
948
956
45
514
948
514
539
514
514
891
514
514
514
974
974
35
35
301
45
147
174
514
35
453
514
990
956
177
956
58
539
934
35
35
956
58
739
45
35
990
689
351
351
514
301
453
514
35
174
35
918
990
213
364
35
990
514
514
934
35
514
514
413
213
364
514
974
453
58
35
35
944
174
45
453
213
514
486
35
35
974
312
213
58
35
35
948
891
364
35
58
453
213
999
213
58
891
486
35
514
35
312
174
55
35
944
932
58
364
948
990
35
932
990
271
514
35
35
990
312
548
689
58
754
351
999
58
934
271
514
213
271
726
301
271
35
486
35
35
655
213
35
934
364
956
58
301
514
1008
58
990
948
944
58
351
689
35
974
213
58
453
514
948
948
316
35
147
948
453
143
453
1008
364
351
483
213
514
990
35
689
514
364
271
956
35
956
35
364
177
956
35
58
948
213
539
514
689
147
35
207
918
974
296
891
213
35
514
35
948
956
486
514
539
756
35
45
35
891
148
35
689
35
655
45
147
364
58
35
1008
213
514
514
55
974
35
35
351
934
453
35
35
301
213
35
514
483
58
750
58
110
655
514
35
490
956
486
213
35
213
990
486
934
453
58
213
35
45
956
364
891
364
948
35
351
35
156
974
17
143
483
58
990
990
934
35
312
58
754
818
35
35
514
58
58
974
990
934
514
891
750
514
999
35
35
956
58
948
514
73
453
35
316
316
756
413
956
35
891
514
45
974
35
956
312
58
655
974
948
271
413
58
932
35
453
948
351
948
58
58
35
35
35
514
413
58
934
58
413
655
58
750
990
655
948
999
35
934
312
999
990
453
956
956
932
990
739
539
35
932
514
73
35
514
148
891
514
486
990
58
58
750
174
486
35
58
58
726
891
35
756
739
990
514
58
58
45
213
990
617
948
35
58
312
58
351
35
364
689
486
147
990
35
143
35
918
35
655
364
58
213
174
956
35
35
35
990
999
156
486
948
413
35
514
750
413
990
73
689
58
73
364
974
58
271
891
703
35
990
750
655
956
156
726
514
143
932
990
35
58
756
45
364
944
990
58
934
413
934
35
351
58
213
58
453
213
58
990
35
58
974
617
364
948
990
514
58
956
351
35
413
35
35
213
35
990
35
413
351
35
934
35
58
948
934
58
934
990
948
750
45
58
655
312
213
58
932
351
891
413
514
35
1008
35
45
689
35
703
58
35
974
35
514
932
934
213
990
213
35
35
58
514
35
514
918
891
271
990
312
539
147
45
35
35
956
934
956
35
35
58
514
891
514
58
48
948
726
156
990
35
1008
312
316
934
147
956
35
58
17
213
990
655
990
35
58
213
312
58
655
17
413
364
312
58
35
35
156
45
891
990
45
655
934
514
655
45
891
689
990
1008
35
213
990
750
147
934
296
213
58
73
891
35
934
35
35
35
703
35
251
312
35
213
301
35
486
891
271
891
156
58
490
514
35
617
58
990
486
891
156
35
956
177
948
58
351
213
58
312
514
35
177
990
213
35
35
918
35
514
35
35
364
58
891
351
655
351
617
351
148
35
948
58
312
514
453
58
486
655
58
974
35
35
156
689
35
58
757
948
754
990
918
58
174
35
655
213
990
35
453
453
956
891
932
35
148
58
35
156
932
35
58
655
58
918
351
147
948
364
514
312
486
45
35
990
891
956
413
413
514
58
956
364
35
990
301
58
271
35
934
934
35
73
35
148
756
934
58
58
726
617
990
655
58
990
514
918
35
58
58
413
990
483
364
948
483
58
948
45
934
974
174
45
143
956
948
58
934
655
213
891
891
351
58
35
990
990
754
726
147
891
990
754
486
213
58
948
948
974
990
891
271
956
944
486
514
35
453
934
58
351
143
453
486
316
35
58
213
514
956
58
156
990
35
35
974
891
45
364
213
956
750
932
45
364
35
213
45
301
514
514
990
934
655
351
956
486
948
486
514
974
35
514
35
58
35
891
58
934
948
17
486
483
934
35
35
974
934
918
35
147
35
35
514
301
35
948
990
35
35
213
35
35
174
514
174
750
999
739
147
1008
453
486
177
514
58
351
948
58
58
35
990
891
58
301
453
156
932
58
413
351
73
35
453
35
948
213
990
35
948
45
35
35
213
45
35
932
990
739
45
413
990
891
990
213
58
934
617
514
58
655
45
58
934
35
726
35
514
754
35
35
932
35
932
58
750
35
990
413
932
35
35
918
58
35
514
818
296
891
58
35
750
956
413
58
58
689
35
750
35
486
213
486
174
990
655
703
351
45
726
514
213
58
58
271
974
891
35
45
58
58
548
271
548
948
990
934
213
35
918
351
35
35
934
35
316
58
818
956
956
35
483
934
974
539
486
948
156
147
750
956
58
617
948
156
58
990
45
35
364
156
974
351
35
55
990
35
932
174
35
486
351
948
453
58
147
413
514
58
35
213
147
486
35
750
739
514
948
514
990
514
726
35
312
689
45
213
35
932
58
956
58
73
539
990
948
490
35
35
351
990
514
514
948
990
58
58
990
891
35
351
974
948
35
177
35
990
891
45
174
213
58
35
35
948
990
944
301
948
213
453
35
486
35
490
301
655
58
58
271
58
932
990
35
364
35
726
58
514
35
483
948
918
514
453
147
948
156
514
514
514
312
58
213
148
58
364
514
213
990
486
754
364
486
818
147
703
58
948
514
413
990
206
514
918
514
58
58
312
990
934
301
990
703
891
990
35
974
301
750
956
148
974
58
35
35
35
514
58
453
754
35
486
956
934
35
45
58
147
486
754
351
1008
58
514
948
891
974
956
73
312
35
990
35
35
35
514
35
110
617
58
156
213
35
703
974
58
35
156
364
364
351
351
55
364
35
514
413
974
934
514
35
974
932
453
948
351
486
147
213
35
932
213
58
35
58
956
948
453
156
58
750
655
58
58
483
932
539
617
174
45
35
932
364
312
110
58
35
956
818
213
934
486
312
934
364
932
948
35
213
948
655
413
514
58
990
703
58
891
514
703
148
750
301
58
453
156
58
754
48
514
35
213
514
35
944
754
918
891
351
35
486
35
45
35
754
539
956
689
944
316
45
213
213
948
703
944
486
548
364
486
891
58
990
514
818
486
316
35
174
617
58
1008
990
413
213
174
213
948
35
35
539
35
35
934
35
974
35
948
974
948
213
45
17
689
514
413
35
58
213
726
990
35
754
48
948
351
58
58
213
213
213
58
35
35
990
35
514
58
35
990
792
213
58
35
514
364
767
948
486
58
45
58
58
58
956
703
792
312
934
35
110
948
934
483
891
514
514
413
301
58
35
891
974
948
213
156
413
58
156
213
750
1008
514
58
35
891
703
48
58
792
514
364
539
147
213
413
58
990
58
35
206
58
58
891
45
754
58
1008
483
301
35
934
58
990
413
364
754
48
35
48
514
628
58
990
148
990
58
48
818
655
35
413
58
818
948
35
35
156
514
453
35
35
58
486
213
948
364
413
143
213
55
35
514
364
514
934
35
174
58
58
932
58
948
312
514
486
301
932
213
514
17
35
213
948
58
35
73
301
58
35
58
35
792
754
55
58
45
754
413
213
948
58
58
35
35
514
213
35
891
58
453
213
35
948
932
58
767
948
364
453
45
413
689
48
213
312
956
58
689
453
312
891
514
413
514
17
486
1008
891
35
655
55
413
58
213
514
514
213
58
750
213
548
351
990
750
948
35
156
990
206
35
617
722
948
35
147
58
956
174
58
351
110
213
58
934
948
58
514
312
110
213
514
486
956
364
58
453
974
58
948
48
956
35
792
739
818
364
617
174
934
722
143
156
17
213
147
213
413
956
35
35
948
535
351
948
110
944
990
990
754
413
35
413
514
413
948
35
143
213
35
35
312
934
35
453
156
35
754
413
35
514
35
35
35
413
147
351
316
213
58
514
934
147
58
35
932
891
35
147
148
486
55
174
948
1008
934
58
147
213
918
548
58
948
213
156
45
948
58
58
1008
792
689
990
818
655
486
147
617
486
948
948
55
944
364
934
539
514
213
35
486
213
948
17
932
213
156
156
58
792
956
739
413
58
312
956
35
453
58
754
312
35
364
301
58
486
539
316
58
35
55
35
514
754
413
364
148
213
364
58
147
17
312
413
891
35
58
948
413
58
213
617
312
891
413
948
514
891
35
58
948
413
316
754
58
58
35
143
750
514
514
956
703
948
17
948
147
948
58
990
316
956
35
35
990
35
514
934
213
655
934
891
58
486
35
213
48
956
35
58
312
35
73
514
754
818
703
932
58
754
364
754
948
58
999
364
271
58
754
156
35
948
948
156
143
213
655
754
58
948
213
453
351
156
990
364
35
213
147
739
35
974
818
58
514
514
110
514
35
453
58
58
110
413
750
364
316
726
934
974
514
413
35
58
948
486
934
35
934
514
213
58
55
453
35
413
948
413
818
213
948
453
156
58
58
58
754
58
1008
934
156
48
548
58
48
351
934
116
655
35
934
58
213
413
934
655
213
948
271
918
891
213
58
316
213
364
754
58
213
35
990
156
483
35
891
213
35
213
213
548
539
143
514
312
990
364
35
35
948
312
703
514
35
58
58
655
296
514
413
213
413
990
514
948
934
514
754
58
110
754
58
948
155
413
932
413
58
948
110
948
35
932
514
58
818
35
58
486
35
703
213
514
689
58
739
514
948
58
1008
948
351
35
45
948
58
956
956
948
213
486
35
934
739
486
413
754
35
364
934
58
156
301
934
891
891
58
58
990
58
316
486
35
45
213
156
213
58
35
58
932
750
58
956
58
535
703
73
1008
351
174
956
486
213
58
413
754
17
486
453
548
35
58
990
213
655
792
754
413
948
453
58
413
486
177
58
35
948
58
453
483
213
413
413
58
58
55
35
312
35
514
58
58
514
655
990
974
948
548
990
486
45
58
174
703
58
58
944
351
514
514
948
514
35
486
453
818
413
918
45
213
750
35
413
48
35
110
213
271
956
35
35
213
55
934
58
918
944
703
58
58
514
932
156
147
312
58
156
932
514
505
943
16
661
522
16
502
2
661
834
835
245
518
2
145
951
105
847
624
505
518
661
951
525
145
726
511
834
540
834
150
835
620
921
518
505
620
847
620
518
728
921
624
338
661
122
502
522
847
322
525
520
921
911
445
586
502
744
624
540
847
911
951
921
921
445
834
502
921
921
619
293
921
911
921
21
661
522
847
502
445
445
951
921
1001
17
619
921
1001
16
835
520
505
302
502
511
298
322
502
624
511
726
834
518
661
921
744
744
145
661
921
619
847
33
624
518
21
518
150
834
847
502
486
661
445
445
624
921
847
624
1001
873
518
505
619
624
951
754
2
293
302
951
502
322
624
921
520
262
293
624
502
518
17
921
951
445
744
502
921
921
921
16
518
835
525
445
847
834
145
145
975
502
2
540
661
744
145
921
145
511
975
670
661
2
293
445
245
17
502
518
145
744
943
847
661
511
744
661
322
145
697
697
624
145
744
921
291
619
502
502
921
2
619
2
951
518
921
620
445
620
744
505
505
879
744
302
486
262
505
522
661
502
624
502
502
298
661
951
145
834
502
726
661
868
921
2
951
293
726
661
921
2
868
2
525
2
145
518
511
540
122
744
302
726
302
511
728
921
17
522
511
726
520
135
520
921
744
921
921
2
834
33
511
2
1001
505
502
834
445
661
518
2
135
921
847
661
145
245
505
445
661
921
921
661
847
33
33
951
847
145
21
726
911
502
502
262
835
322
661
921
744
502
293
951
911
921
502
520
21
847
293
523
834
847
911
105
540
921
486
702
522
951
135
744
624
697
502
245
728
298
744
951
661
445
518
445
951
697
21
661
502
293
445
661
520
624
921
293
150
847
145
2
744
835
951
726
661
754
697
921
661
847
586
726
670
145
158
302
158
502
921
921
445
518
951
921
921
620
661
921
661
921
951
518
525
702
33
21
511
502
518
661
445
525
1001
2
540
17
847
298
921
2
445
21
921
834
697
511
298
520
520
245
518
298
505
511
293
624
935
754
921
525
661
2
293
525
518
921
726
302
661
951
670
661
661
245
921
522
2
921
921
975
921
502
520
921
445
502
951
511
502
502
911
302
670
145
298
624
2
293
322
16
921
525
744
951
312
1001
697
21
868
921
847
847
293
619
726
522
148
145
624
921
624
505
619
921
262
744
726
245
302
661
951
624
951
921
293
951
445
697
540
511
921
21
505
502
486
518
911
619
744
293
726
834
445
744
511
520
150
943
105
873
921
661
951
975
105
522
921
520
2
502
921
540
624
951
511
502
511
921
921
505
2
921
754
520
445
702
921
975
520
445
322
744
921
935
540
911
619
834
951
921
661
2
661
975
262
728
518
520
624
728
445
445
486
2
624
921
445
744
445
322
697
975
245
502
302
540
511
951
17
624
522
935
670
951
744
744
312
322
697
2
145
911
145
744
951
486
921
502
522
661
879
921
670
834
697
921
520
505
921
2
302
525
661
624
525
661
511
502
661
702
158
2
445
620
921
834
921
921
744
921
847
322
834
661
847
445
834
502
445
148
511
312
951
951
624
951
502
298
2
145
158
518
245
145
726
312
951
502
921
834
620
661
921
951
322
619
754
911
702
951
505
245
158
520
921
486
847
518
105
2
445
951
445
702
2
2
744
661
726
847
921
951
2
502
502
33
298
21
620
847
847
302
726
624
834
16
322
518
135
921
834
744
445
661
693
728
847
502
744
744
322
322
921
868
135
847
620
511
726
670
486
744
661
502
847
847
293
302
502
661
518
921
744
847
518
502
951
921
505
338
145
975
834
262
520
726
624
744
16
312
2
624
298
293
505
445
624
16
951
951
921
921
834
502
847
2
670
518
33
697
518
486
293
624
520
847
520
661
921
17
921
754
520
511
697
525
661
754
619
744
661
951
951
502
502
951
502
511
2
921
502
921
302
624
586
17
921
624
619
911
661
105
322
105
17
293
624
502
525
951
2
921
911
951
158
693
518
726
2
619
911
951
661
935
661
21
847
620
744
298
661
921
921
921
834
951
921
2
921
145
262
834
624
661
624
505
661
661
511
744
511
505
697
921
718
502
921
921
158
518
847
661
17
520
834
502
502
2
145
17
518
620
868
744
921
624
145
921
520
726
33
726
2
502
522
21
158
834
921
293
445
847
847
624
834
245
422
661
21
744
935
921
302
921
619
911
661
1001
511
935
2
523
445
754
661
847
523
540
975
744
2
847
847
502
502
661
445
2
298
661
624
728
145
975
921
951
502
847
511
921
21
302
522
661
726
445
847
505
502
697
921
2
520
17
445
145
951
302
744
921
2
873
624
921
847
17
445
2
502
520
661
2
619
744
17
921
951
728
661
445
148
661
322
661
302
122
2
921
540
661
502
921
921
873
951
293
518
834
921
520
17
302
744
697
728
911
502
21
951
302
145
150
619
502
17
624
726
525
520
502
302
661
525
158
726
445
502
502
298
661
921
921
502
505
754
728
921
2
520
540
726
951
511
511
911
951
2
726
951
502
670
847
511
921
726
624
502
522
445
726
754
518
502
312
302
522
511
744
697
21
148
661
728
445
502
834
520
445
502
502
726
502
921
921
322
2
744
661
935
847
661
619
502
921
624
148
951
921
17
502
619
322
670
921
21
122
744
502
518
502
511
145
302
145
522
921
145
150
511
951
502
834
744
502
868
445
522
17
935
624
445
951
697
619
502
921
502
951
511
302
422
520
148
445
122
847
834
847
105
921
847
670
21
921
293
520
145
728
661
921
921
502
697
661
293
502
921
847
520
145
697
754
505
293
697
2
847
847
502
661
2
511
312
445
921
661
293
17
21
921
511
951
951
847
145
105
847
145
445
661
540
744
520
726
726
661
921
293
744
726
293
322
486
951
951
726
511
520
502
502
834
661
873
834
502
322
17
951
445
145
502
520
835
523
122
502
697
520
518
522
619
624
921
744
502
445
744
122
502
921
145
624
122
624
105
148
298
921
847
697
505
540
262
744
921
522
661
847
951
868
502
661
145
518
105
522
661
834
921
145
697
522
2
661
661
921
262
661
670
921
511
921
16
921
445
670
951
520
505
135
847
511
2
661
921
697
726
520
921
754
445
951
505
847
661
148
2
921
726
445
661
661
744
518
951
505
445
2
921
847
921
511
744
518
262
697
921
620
445
624
624
847
847
338
502
445
145
921
505
619
728
754
511
661
847
522
520
445
2
522
911
951
145
921
619
540
486
726
33
744
921
122
298
670
921
744
445
33
262
511
661
520
619
262
921
921
105
445
744
522
302
847
502
661
445
834
511
511
921
624
726
150
518
834
518
744
302
540
619
661
505
697
298
661
525
298
661
525
522
17
522
502
16
921
518
16
943
502
834
16
445
697
16
951
726
17
847
951
520
302
145
921
145
726
744
17
17
293
921
298
445
847
502
744
445
293
16
16
518
520
951
293
520
951
505
445
520
975
502
445
661
619
624
726
921
148
726
921
624
921
975
511
620
511
921
921
502
726
135
293
302
145
911
921
670
921
158
148
921
921
661
744
921
847
951
951
150
921
670
540
486
661
2
661
520
445
661
744
511
951
522
502
520
520
2
511
726
728
520
661
661
298
661
520
302
624
921
744
445
951
293
505
505
697
502
921
525
445
726
511
951
520
921
293
262
262
921
697
744
661
835
951
661
921
726
2
502
502
525
540
293
445
921
302
262
661
661
624
298
620
145
661
486
697
502
293
2
834
544
921
951
744
298
847
921
298
520
322
298
911
951
619
619
726
293
486
921
873
873
624
520
834
445
522
847
620
834
873
697
511
520
511
17
921
522
921
275
921
921
16
322
2
544
921
951
921
298
744
921
835
2
17
726
834
502
511
921
847
619
2
17
16
245
921
619
847
661
834
502
17
486
921
661
445
921
670
445
445
921
518
661
921
262
661
661
921
502
624
661
293
511
834
921
298
298
951
520
2
661
744
921
505
951
624
921
921
951
921
525
921
445
520
921
445
511
502
693
2
505
511
511
540
520
661
518
145
158
847
586
619
702
302
834
518
505
921
511
148
148
921
670
847
505
661
661
445
693
544
921
921
921
511
445
661
445
302
522
2
921
293
921
502
122
518
847
661
544
921
520
502
661
520
744
518
661
2
245
298
544
873
921
726
511
2
502
520
744
847
17
511
697
502
718
921
921
921
502
127
726
921
951
847
135
619
525
921
544
921
502
873
502
16
661
445
298
661
661
847
670
33
661
697
445
245
17
445
33
921
486
322
744
921
293
511
619
661
322
847
620
661
525
921
445
661
56
951
661
293
921
847
502
619
847
522
1001
726
21
670
540
525
445
921
834
502
661
921
298
445
921
2
148
523
661
744
921
921
525
302
520
921
726
540
726
697
868
502
744
619
17
951
33
744
445
834
879
835
486
33
293
847
2
921
1001
511
2
445
502
921
868
505
744
445
693
935
293
16
726
921
518
525
540
293
744
661
834
619
921
744
921
921
718
619
2
486
262
921
2
2
17
298
135
661
661
935
21
302
661
624
502
520
911
661
661
951
951
17
2
445
921
302
879
511
16
150
522
511
486
921
511
2
935
921
661
522
518
502
403
540
921
726
868
302
502
661
619
835
520
502
921
445
486
522
59
619
148
921
847
486
873
661
518
693
502
245
620
523
921
921
502
661
2
834
525
502
445
702
293
847
921
298
661
2
921
921
511
298
445
744
505
661
661
275
951
322
2
522
726
935
661
105
109
322
293
502
445
619
540
2
834
873
148
726
127
540
445
879
951
2
486
921
921
744
951
834
661
935
693
298
544
322
511
619
540
921
921
540
486
486
868
71
619
298
951
586
693
744
847
921
661
502
624
935
522
502
150
873
624
834
847
726
511
921
518
403
522
670
486
445
619
502
520
921
951
445
2
868
921
445
445
445
726
921
298
744
847
921
661
921
847
921
293
661
921
502
445
834
486
726
511
511
33
921
150
17
726
921
868
540
661
523
445
921
502
718
2
744
586
445
148
293
921
619
148
921
873
511
921
951
619
619
445
693
540
744
298
726
661
726
445
661
726
661
726
697
718
847
422
661
921
951
518
522
502
726
744
150
661
670
445
322
921
445
726
834
511
661
921
619
486
921
921
951
921
586
661
661
921
935
718
951
835
502
834
726
522
921
921
921
661
445
16
540
921
33
520
293
445
935
445
33
620
148
502
661
921
511
322
834
847
834
921
835
744
873
921
16
921
522
847
921
868
445
921
486
505
726
619
445
951
921
145
511
520
921
2
544
661
847
726
620
847
619
525
921
619
661
873
518
921
921
502
921
921
661
921
522
670
293
293
520
744
502
661
744
951
540
445
302
262
619
726
511
148
525
834
511
726
511
486
522
502
445
511
2
302
921
847
847
921
744
148
951
511
2
17
540
921
486
520
718
502
951
445
744
511
293
520
293
445
540
834
445
921
16
502
302
951
502
921
16
302
293
619
921
661
702
619
544
951
921
834
502
744
422
511
17
921
122
540
322
150
661
486
522
726
505
921
624
921
726
921
302
16
921
245
619
921
486
518
511
744
847
726
951
511
505
445
835
505
921
921
502
145
661
847
661
502
661
744
520
921
619
518
422
744
834
502
847
921
834
847
951
2
422
486
511
505
921
718
2
17
105
951
293
520
847
951
511
2
868
951
2
661
544
511
445
16
868
511
921
422
445
511
2
697
661
520
670
520
624
921
502
522
522
502
135
661
445
921
445
33
873
2
847
697
921
511
697
951
486
921
834
145
445
921
33
2
661
619
502
726
293
445
661
445
522
619
511
17
661
693
834
661
16
697
150
293
921
726
921
522
422
525
522
601
661
302
951
847
244
97
978
183
962
976
978
614
816
192
743
472
889
940
333
233
854
748
854
497
244
381
1003
748
889
177
748
614
743
614
244
978
1003
748
390
472
296
854
244
333
237
495
628
497
559
877
244
559
237
628
333
164
428
142
192
559
765
614
978
816
614
21
854
976
1003
21
854
333
333
559
376
877
614
765
333
765
390
511
854
237
511
8
183
237
183
688
363
376
962
1003
381
428
940
614
748
889
614
376
517
816
296
559
748
743
1005
8
748
688
559
381
614
381
940
854
296
218
244
574
333
696
237
381
978
816
472
748
376
854
78
614
748
218
816
962
495
376
333
381
8
183
940
296
376
244
244
376
743
381
192
296
688
376
376
8
497
192
296
614
889
376
978
614
345
748
816
978
976
495
381
854
381
314
497
333
21
976
574
816
579
8
142
218
296
97
97
748
376
363
978
978
743
854
142
218
333
600
816
518
333
976
1005
614
833
495
748
748
333
816
142
363
333
854
600
688
511
600
940
743
816
940
333
314
816
877
472
333
688
296
688
195
376
559
333
574
614
559
854
816
816
559
472
743
244
237
600
376
748
614
816
978
244
614
854
218
688
559
940
345
472
237
559
817
244
816
244
497
333
940
817
559
748
696
940
854
614
314
78
833
376
363
688
495
816
765
816
940
333
559
376
816
497
8
333
296
614
244
978
877
314
962
376
142
748
314
363
333
333
889
940
192
8
376
559
376
877
142
1005
518
854
192
376
314
962
600
381
748
628
940
381
940
940
854
600
517
743
497
976
854
559
183
376
142
511
854
244
854
940
614
797
177
817
559
559
696
816
797
940
854
376
854
142
195
559
296
940
376
614
614
97
472
940
333
797
962
696
428
381
333
142
97
314
696
614
600
363
376
97
296
376
940
218
8
345
218
237
816
1003
559
495
748
877
688
333
696
816
376
472
363
333
376
833
376
688
854
940
363
333
940
559
854
244
183
748
142
495
962
314
381
854
854
559
97
854
164
748
177
296
889
816
976
376
628
797
472
688
333
854
696
192
816
218
218
628
376
218
495
333
940
142
614
816
854
889
376
8
164
237
574
333
854
559
748
976
976
854
696
296
976
333
614
748
296
628
376
142
978
889
244
976
940
978
78
296
472
183
978
21
574
376
296
376
976
940
877
168
381
497
816
381
978
940
1005
816
854
376
559
363
600
559
816
940
472
628
559
376
495
696
142
940
574
854
978
877
495
559
797
314
940
314
962
559
183
333
940
940
333
962
314
296
854
765
559
614
940
816
1003
314
314
816
1003
816
333
78
282
559
816
363
628
816
614
816
614
748
244
940
688
940
177
978
333
183
940
376
614
978
177
854
854
142
164
877
614
314
816
164
497
237
559
142
1003
363
816
511
628
877
495
797
816
376
1003
889
511
748
164
743
381
940
363
614
142
78
381
237
495
363
614
940
164
940
511
376
600
833
244
511
854
376
614
614
376
381
164
244
237
218
376
816
743
614
833
142
183
614
183
142
889
600
237
816
142
376
376
78
976
164
497
600
600
854
797
333
854
21
164
614
748
381
376
363
816
696
78
877
333
333
854
940
559
142
376
518
614
978
142
574
940
940
333
363
233
574
748
940
237
333
600
748
183
363
962
816
816
21
978
244
314
614
628
748
688
142
854
559
696
962
877
854
376
877
962
376
244
8
688
142
78
600
296
877
8
333
376
940
518
816
314
877
816
517
816
517
363
376
940
614
688
833
628
97
497
376
363
854
244
376
195
614
940
233
381
976
497
614
743
376
376
192
177
195
177
854
940
574
940
218
854
816
940
978
816
376
614
978
765
854
164
877
237
688
614
940
333
854
472
877
333
472
628
1003
748
854
559
816
628
559
97
854
376
978
854
940
574
743
376
877
833
600
142
314
940
833
495
940
962
164
833
748
816
333
696
495
497
559
381
614
333
472
376
363
8
97
164
333
816
978
21
183
363
559
854
168
962
363
559
962
748
497
233
376
218
183
472
333
78
363
314
854
142
495
877
816
614
381
688
376
962
559
1003
559
381
363
333
628
472
817
363
816
696
978
333
376
333
345
854
614
345
940
614
363
614
142
628
363
97
497
579
314
218
816
544
743
472
376
472
816
333
237
376
472
218
816
381
688
978
854
833
816
743
218
854
962
748
559
296
511
497
363
333
78
495
177
363
333
314
816
21
962
854
614
688
816
614
854
854
376
816
600
333
97
559
816
142
962
237
962
628
614
743
748
614
559
614
192
559
940
614
485
296
183
614
940
765
363
614
816
748
195
195
854
940
889
497
517
183
559
854
976
376
314
854
962
495
614
333
940
962
854
376
816
854
333
97
97
600
376
517
518
854
748
854
614
854
1003
345
8
854
296
1003
142
333
614
614
376
296
748
816
854
978
296
628
559
614
940
363
940
472
696
345
363
940
559
816
743
962
1003
817
192
816
940
940
854
559
237
363
854
559
244
142
614
940
743
237
376
962
748
381
614
183
233
696
816
244
518
854
559
614
559
614
748
495
816
1003
962
559
381
940
237
833
854
376
376
21
940
940
97
940
511
833
765
8
696
628
183
376
559
976
940
333
816
142
765
854
748
177
296
381
495
559
962
233
472
976
614
345
376
854
877
376
192
696
495
244
748
237
688
376
854
192
428
376
177
376
218
495
940
390
614
381
940
696
559
854
244
976
940
980
333
381
237
614
381
854
889
940
244
574
628
816
376
962
748
559
721
976
97
614
978
177
559
978
376
889
600
559
363
889
962
688
614
1003
376
940
816
816
816
381
296
940
614
142
511
218
376
877
816
833
237
376
600
743
559
940
889
614
195
495
376
889
472
97
854
495
296
517
559
816
164
600
696
314
544
381
381
614
940
854
472
940
485
183
183
743
940
816
816
472
614
244
743
854
696
336
142
345
976
877
472
765
748
78
688
748
183
614
233
748
600
854
854
296
877
21
218
559
743
363
78
218
97
816
748
854
854
237
962
376
78
889
97
962
376
559
816
233
333
816
940
376
333
345
97
962
192
192
854
8
816
168
244
940
696
333
940
296
748
559
333
376
376
559
816
854
940
854
816
233
142
854
962
333
376
940
817
333
940
854
472
376
376
376
748
376
614
940
333
495
978
376
21
376
797
816
376
168
511
192
333
614
765
614
854
518
97
497
816
142
511
940
314
976
177
816
854
142
345
574
495
296
940
743
244
889
495
381
511
296
314
962
168
978
333
495
962
816
377
854
495
559
497
628
497
854
376
168
816
244
97
183
381
696
940
376
743
696
142
333
381
333
376
472
816
748
518
296
696
816
877
218
511
614
333
696
97
183
574
8
962
195
314
333
854
97
97
688
559
940
854
940
314
333
833
940
21
797
1003
940
517
816
628
854
940
854
940
183
816
296
363
333
614
574
244
511
511
183
376
889
164
614
854
314
976
78
721
940
978
518
314
559
688
333
614
854
97
381
614
976
688
628
976
237
816
816
743
296
688
940
376
688
574
472
237
559
940
495
333
333
854
237
889
192
376
817
574
381
376
743
497
854
600
192
218
628
962
816
614
495
333
363
976
237
614
940
797
333
363
748
978
333
854
854
218
748
854
559
78
854
797
559
688
518
614
854
833
962
940
976
940
628
696
164
376
978
314
8
962
363
296
333
363
559
97
97
743
376
748
816
218
237
559
296
21
940
889
833
816
1003
940
889
743
854
962
495
854
748
183
854
142
559
816
183
142
164
218
376
816
978
363
816
296
628
559
1005
854
976
614
614
574
817
559
748
854
314
628
940
559
748
559
177
559
333
363
376
495
195
854
614
376
743
978
345
940
497
614
816
808
817
237
21
854
376
97
833
381
376
559
142
142
854
296
559
978
877
142
696
177
164
748
940
854
688
177
376
816
381
808
940
833
696
614
559
237
517
559
833
495
495
333
244
472
816
8
497
889
696
688
854
177
78
628
517
854
21
978
97
244
976
940
376
511
218
574
614
940
472
940
333
376
237
363
854
142
748
376
237
574
8
363
237
376
376
748
497
1003
495
940
748
518
889
296
472
559
816
743
743
495
940
559
376
889
940
797
376
78
376
376
976
614
376
964
78
472
472
833
940
142
518
518
748
333
495
314
816
559
962
559
696
296
559
314
688
748
296
466
518
164
559
748
854
495
495
978
518
854
296
472
940
177
696
877
518
218
685
376
940
940
748
962
177
314
8
333
688
748
748
296
614
688
559
21
376
333
962
559
8
363
688
314
976
743
816
978
218
376
142
142
559
854
518
518
195
244
816
696
877
743
244
333
854
600
889
976
696
797
495
376
889
237
183
237
559
816
889
381
833
381
518
748
511
376
743
816
628
511
854
964
296
97
183
333
376
940
376
978
797
296
559
345
854
164
559
237
495
1003
244
614
600
333
97
559
854
559
854
21
854
614
218
1003
816
333
497
296
854
195
78
559
296
177
218
363
333
976
816
376
854
376
218
142
559
381
600
495
495
978
376
192
614
363
495
962
345
833
376
8
559
237
314
21
237
797
765
940
183
614
614
743
376
696
142
877
8
833
940
559
696
854
511
854
854
816
218
688
940
495
376
142
195
976
195
168
177
237
614
614
376
816
183
748
195
889
976
940
218
559
333
833
495
748
816
816
345
559
177
614
296
940
183
78
518
940
816
696
142
854
833
854
237
614
559
559
816
376
614
854
889
296
376
1003
748
978
97
940
244
816
1003
854
748
21
559
559
296
183
696
376
376
688
376
833
177
854
797
854
628
854
363
244
940
817
833
962
559
628
142
333
559
816
21
940
296
376
962
978
854
376
743
495
962
854
854
854
743
748
614
559
376
816
233
168
600
765
696
218
518
345
559
574
964
363
218
889
743
333
877
218
333
833
314
816
218
177
962
296
877
497
976
816
614
816
333
237
962
833
21
237
218
97
854
816
854
218
940
472
854
376
517
168
962
333
816
164
854
889
559
472
183
816
376
314
218
1003
976
363
816
8
743
495
376
296
376
376
333
559
614
854
962
743
333
517
164
168
314
168
816
574
244
816
168
978
696
854
559
177
177
333
363
376
142
765
177
696
833
816
833
940
696
296
816
559
333
688
333
559
376
600
237
345
748
495
376
614
495
833
314
376
559
614
497
940
376
314
1003
854
177
333
363
381
962
218
559
296
688
962
940
854
363
854
376
962
962
816
1003
559
854
748
816
816
381
495
1003
1003
854
333
816
237
511
376
168
97
854
816
614
296
296
376
816
314
833
78
816
363
142
142
748
614
142
237
614
854
808
816
497
497
696
363
574
559
854
559
614
8
614
816
142
376
559
600
97
376
376
614
363
183
376
142
877
816
854
495
511
854
628
833
183
218
376
511
333
559
940
472
192
376
797
376
748
743
748
854
696
688
376
376
833
142
978
296
296
472
614
376
559
743
559
978
743
854
559
511
962
518
142
518
748
78
1005
574
363
614
743
559
748
78
765
696
195
559
244
244
376
600
512
628
854
574
296
976
816
743
696
854
363
816
833
696
78
333
164
376
889
244
559
381
363
333
559
962
333
1003
721
877
233
816
765
296
854
854
296
854
816
816
816
743
816
600
142
614
854
854
854
696
940
497
164
244
363
314
497
495
854
497
600
833
363
314
97
614
363
816
797
296
816
574
614
816
168
685
940
765
21
833
381
376
381
940
765
748
833
816
177
940
168
376
183
854
333
497
333
1003
962
748
765
614
816
495
976
376
78
363
696
816
962
748
696
940
559
559
816
816
614
854
559
877
940
495
237
889
1003
376
363
345
237
376
854
559
816
628
688
748
78
600
854
743
696
696
816
685
614
164
363
614
376
472
685
816
192
511
333
940
177
376
940
614
183
688
816
833
797
614
696
1003
696
940
307
571
640
307
307
640
531
640
976
448
134
110
734
803
897
610
633
610
9
528
110
640
307
678
516
917
689
516
779
803
678
528
835
307
779
615
897
633
640
633
105
734
779
171
610
610
734
110
615
706
52
528
52
110
105
611
917
897
610
689
105
827
88
105
779
658
516
513
88
307
528
421
171
571
110
803
159
640
513
897
571
917
611
640
571
640
307
897
307
267
571
134
610
72
681
640
105
267
611
134
171
72
706
689
88
689
516
581
803
72
938
922
611
420
571
88
286
528
513
581
420
1010
420
105
725
420
734
65
531
610
65
88
779
897
827
110
779
571
611
779
897
286
698
779
571
917
917
779
134
571
267
897
171
835
88
421
698
571
976
297
779
571
965
678
571
72
65
65
516
267
134
734
286
134
633
678
678
611
610
640
922
917
802
421
803
171
267
689
186
297
779
897
640
803
610
171
633
611
640
307
803
72
171
297
88
640
917
307
611
88
105
734
52
171
65
167
571
72
742
513
965
779
286
267
167
615
105
917
105
307
922
779
105
420
640
286
678
65
706
171
897
72
171
640
897
779
72
640
171
678
640
633
297
571
779
581
52
415
689
640
297
779
516
297
610
420
611
917
105
65
917
640
976
633
171
640
698
581
171
640
779
611
421
516
571
791
528
742
171
516
571
307
610
134
307
615
307
134
658
827
421
571
307
742
706
72
65
171
640
610
52
79
421
171
571
286
976
827
734
615
724
640
571
105
134
65
698
710
633
159
779
571
286
938
72
286
307
640
640
779
779
65
72
571
611
65
922
516
105
779
307
922
88
9
897
267
105
286
531
734
171
658
88
633
88
633
734
658
610
286
779
827
134
65
88
286
516
640
689
516
917
615
421
678
779
678
640
734
734
698
917
307
307
105
159
640
581
65
640
88
917
689
835
110
965
611
640
571
105
267
448
297
724
640
571
897
827
528
267
803
938
297
65
516
513
976
640
779
88
65
633
779
110
571
171
65
307
581
640
105
976
897
678
633
640
734
186
611
734
640
668
681
528
571
581
611
678
516
421
611
802
286
581
571
640
897
421
678
742
640
171
803
610
827
65
640
421
571
827
742
571
171
88
171
415
689
640
803
171
802
307
640
976
513
803
779
307
420
286
513
803
922
79
72
72
611
640
897
640
171
678
210
286
1010
52
65
640
297
171
640
134
65
65
72
633
835
105
528
976
420
307
65
105
171
171
297
802
742
267
297
689
171
611
689
159
267
420
286
159
65
779
581
724
72
640
513
802
965
171
421
286
421
724
88
571
571
513
640
65
725
65
678
835
297
802
633
421
640
513
105
640
134
528
210
803
640
640
827
678
571
171
698
167
52
571
779
917
827
571
610
689
516
88
297
633
571
698
633
513
65
698
65
976
802
827
186
633
640
827
571
633
610
88
267
742
897
516
88
513
88
779
640
611
640
976
779
72
658
267
897
105
307
528
105
134
917
668
698
286
307
581
65
307
72
681
105
171
734
415
611
706
134
421
420
88
307
52
65
914
171
65
779
267
415
421
105
640
640
1010
297
516
72
706
897
52
1010
88
640
976
307
803
134
421
698
528
897
803
640
611
88
827
297
633
513
611
571
79
65
640
779
779
88
571
917
610
105
581
835
171
448
742
827
803
52
88
571
171
171
171
9
633
742
633
678
88
72
171
52
528
640
615
689
779
689
421
88
897
897
571
917
640
917
611
689
516
171
640
1010
79
779
678
965
640
88
698
105
186
516
633
734
105
65
65
640
307
779
633
105
571
779
976
267
286
105
531
610
307
802
267
689
611
706
734
186
922
581
105
415
159
571
633
658
65
779
897
689
610
917
134
615
171
286
835
827
689
803
134
513
513
513
803
171
159
88
802
134
678
571
65
917
421
1010
105
571
571
734
917
640
105
307
611
531
88
72
571
779
52
307
917
689
610
267
640
734
171
421
297
157
307
171
917
171
611
88
267
779
658
640
640
297
640
186
938
421
159
110
88
779
415
611
681
827
640
897
640
171
938
307
420
917
267
415
307
827
917
917
65
307
52
297
516
421
827
571
105
611
65
917
110
88
803
678
105
734
571
827
171
571
171
640
297
186
779
65
88
610
72
286
633
105
105
9
742
633
678
668
72
698
678
105
897
1010
421
571
516
640
633
571
513
678
698
668
742
917
689
420
779
803
835
640
640
72
897
72
105
633
267
65
571
421
105
779
610
307
171
531
105
571
171
710
803
724
610
513
286
779
105
922
897
681
571
698
516
105
897
678
307
706
678
689
917
678
297
611
965
65
706
171
615
779
571
742
134
415
65
171
610
65
513
171
72
698
640
917
706
307
307
706
516
105
531
779
72
689
307
678
803
571
307
633
611
678
678
658
610
803
803
611
110
640
307
706
640
9
571
516
72
571
779
167
678
307
581
681
803
105
633
615
581
9
415
421
779
65
421
88
681
976
802
640
897
615
976
689
65
105
267
134
965
610
734
105
689
611
779
633
779
779
516
171
581
678
742
105
65
52
297
421
528
297
976
678
571
689
689
415
420
640
105
171
803
171
307
779
803
267
706
65
689
611
965
611
267
110
827
698
610
611
267
267
611
267
917
167
171
640
640
897
65
678
965
976
307
581
742
267
827
307
640
171
611
827
581
611
779
742
571
581
610
803
581
615
581
571
917
307
734
421
307
267
827
803
1010
516
610
159
171
610
571
917
571
72
640
571
420
917
710
678
633
571
286
297
897
297
171
88
531
307
581
297
420
742
420
922
633
917
779
725
611
307
633
531
734
171
640
917
171
742
528
105
52
827
307
415
65
779
611
640
421
516
779
965
105
791
611
640
678
917
79
611
678
531
52
917
897
725
678
65
640
110
267
633
307
421
286
88
65
171
307
297
571
516
88
917
307
528
965
742
531
159
571
286
640
110
513
421
421
803
742
516
516
827
803
171
581
420
65
186
171
734
917
698
917
698
922
803
171
581
610
710
571
611
516
633
531
571
640
571
779
640
307
581
681
611
72
734
678
307
827
803
571
159
88
917
420
421
307
88
65
633
897
779
267
571
640
286
463
611
297
571
52
633
421
105
779
267
267
803
72
835
571
134
610
827
72
698
640
65
171
615
65
267
802
640
297
9
734
779
307
725
516
640
610
267
633
571
640
681
421
803
681
531
779
678
421
571
286
698
307
171
734
52
965
421
725
105
110
681
976
105
917
615
917
307
513
976
307
742
421
710
779
633
922
171
286
528
421
110
779
167
307
513
678
167
689
415
581
307
105
658
802
742
65
516
610
917
421
286
72
531
72
640
105
779
571
267
734
88
698
307
571
611
171
571
171
917
779
307
681
706
52
52
897
171
171
734
9
611
640
571
516
531
420
581
689
171
640
513
802
171
706
513
134
610
307
531
516
689
65
742
65
835
186
72
307
171
917
689
186
917
171
286
917
779
105
571
415
610
65
803
65
976
415
742
65
610
633
779
640
267
633
516
965
307
742
516
611
52
779
678
917
297
88
516
917
803
689
610
734
734
615
79
267
88
571
917
779
528
421
611
779
516
922
110
965
72
571
976
689
633
791
159
640
610
65
742
528
307
159
917
803
897
65
171
72
171
134
286
897
742
307
286
421
581
706
531
922
611
640
65
779
65
742
615
267
105
611
610
65
167
571
640
420
421
516
105
611
779
922
897
307
65
297
640
827
802
110
65
611
171
611
307
779
581
420
267
307
286
297
658
742
88
171
516
779
171
779
689
307
307
640
917
640
689
640
698
835
307
976
531
88
171
79
976
640
65
79
689
105
516
897
79
610
421
803
110
267
571
706
171
171
171
110
658
706
88
779
581
297
79
167
938
835
742
742
633
835
640
779
976
897
976
581
640
668
105
917
171
706
689
678
779
88
286
965
897
171
897
421
640
267
640
110
827
167
610
167
897
167
706
779
421
779
171
917
976
167
571
917
171
640
611
640
779
65
528
803
267
88
171
976
938
640
610
922
640
611
917
917
734
516
307
171
698
803
611
633
706
640
897
668
105
779
640
640
976
571
307
513
791
897
917
134
88
803
171
779
513
171
167
65
827
448
171
976
803
286
267
802
72
922
610
835
922
171
571
658
267
668
678
779
65
516
571
307
171
640
698
72
167
725
640
706
917
897
697
742
297
307
1004
267
167
267
897
72
72
734
307
88
779
65
689
65
171
689
640
307
610
171
65
827
734
79
835
307
611
640
611
267
610
803
922
802
267
171
976
640
610
678
171
286
52
678
516
640
267
640
976
779
734
965
698
779
779
531
633
88
171
88
668
698
922
171
611
689
171
79
779
742
571
171
633
307
633
72
159
678
640
110
171
531
171
611
354
65
742
307
267
531
835
134
779
835
633
421
531
611
610
421
678
779
611
779
734
640
105
640
297
922
581
307
802
72
976
658
72
105
79
105
463
581
65
917
65
448
167
633
448
171
171
88
640
678
105
689
286
897
52
110
779
742
897
65
307
134
802
105
803
640
267
897
640
640
742
105
72
697
267
105
307
640
922
897
633
689
421
307
802
706
167
421
105
922
917
171
725
171
976
734
658
779
917
678
922
689
668
286
640
171
52
286
803
286
938
516
917
976
171
611
917
633
897
976
171
640
581
72
917
917
286
802
611
513
897
421
668
917
297
922
448
917
167
571
640
742
267
742
742
307
615
710
307
528
689
420
610
917
581
110
698
640
420
706
65
105
105
421
65
267
267
803
52
897
802
610
171
171
779
421
803
516
354
706
640
531
976
897
779
286
678
415
72
803
897
65
897
267
922
267
88
779
307
448
611
267
513
917
171
779
779
105
65
171
917
779
513
742
725
286
610
72
267
52
689
105
681
976
698
421
658
897
307
571
791
571
615
167
658
633
611
802
581
742
802
689
742
171
897
65
678
297
897
421
827
171
516
88
917
922
307
633
72
615
415
171
79
105
917
134
65
421
415
681
105
286
513
167
571
976
421
640
658
171
286
571
267
516
698
286
513
779
897
267
286
779
307
803
633
611
897
286
611
678
88
917
734
611
65
297
297
897
297
917
421
611
640
965
678
779
668
571
110
516
689
307
571
297
65
779
52
698
640
658
448
72
65
571
615
52
742
267
803
307
803
65
640
706
516
307
171
286
681
734
611
513
211
531
615
171
307
922
88
678
827
734
65
835
633
105
610
421
706
611
267
448
678
105
52
610
976
421
976
742
611
640
678
689
917
689
835
65
742
725
105
513
779
105
88
286
420
706
307
689
581
448
633
779
297
611
742
65
297
307
917
610
917
211
65
171
171
171
171
779
742
65
668
779
307
171
531
267
689
734
897
88
706
689
65
65
571
803
640
678
689
917
171
965
105
267
88
571
267
571
134
134
65
79
706
307
779
779
516
448
610
803
267
421
581
171
678
571
105
171
835
734
640
65
658
779
611
476
742
965
79
779
779
734
976
779
725
611
267
779
65
72
516
965
976
581
65
307
65
72
171
79
611
267
611
640
105
581
286
79
581
640
640
421
297
88
976
297
802
779
922
105
897
571
779
633
267
171
297
210
734
779
88
476
65
633
610
681
633
531
742
976
571
307
105
803
171
610
581
88
611
678
65
678
297
448
307
640
922
678
516
171
610
678
689
463
267
513
706
976
922
79
922
938
976
105
171
448
897
297
9
581
938
698
917
779
88
633
725
640
171
938
779
734
897
640
640
791
734
110
65
698
779
105
742
134
297
171
88
72
516
917
640
415
72
802
307
581
802
421
742
976
581
297
65
779
917
286
610
307
897
171
698
734
803
171
734
171
513
897
88
110
922
610
571
65
65
917
640
171
171
581
611
72
697
640
171
827
496
874
568
815
479
580
241
580
581
432
106
632
328
301
568
718
241
102
163
328
1007
613
568
800
937
661
973
873
770
568
874
580
568
816
163
873
844
1007
398
916
360
674
816
580
937
102
874
102
661
241
916
323
119
102
323
216
806
385
568
874
873
705
815
45
241
360
106
106
106
973
45
873
639
216
661
705
360
360
916
937
241
385
871
530
568
806
844
705
45
45
102
163
323
360
45
580
106
661
771
993
568
800
770
241
789
241
272
853
241
568
106
631
853
993
385
581
661
771
873
323
45
660
816
102
45
241
770
770
45
581
398
332
496
398
771
771
568
884
581
661
241
496
581
937
789
916
45
815
398
530
581
581
973
705
241
973
163
163
639
816
1007
432
815
45
360
398
661
328
873
873
530
873
360
102
102
816
119
816
568
916
163
874
937
241
816
973
853
241
639
45
310
789
874
530
102
705
816
310
102
806
581
323
1007
102
432
828
806
973
993
270
241
163
815
957
744
815
45
432
806
806
580
163
530
1007
106
241
360
815
973
973
815
241
789
660
639
323
705
661
580
385
310
563
360
580
660
806
241
241
45
216
957
806
816
102
806
241
102
639
216
873
145
806
163
398
806
241
241
806
705
270
806
1007
102
563
241
973
990
789
815
568
993
993
45
323
581
530
770
973
973
328
874
568
216
270
661
568
806
1007
398
241
360
660
581
674
828
957
815
873
241
973
993
873
102
580
853
216
749
580
398
106
74
580
568
873
580
853
873
873
241
398
530
873
432
163
241
106
119
241
873
828
705
806
568
398
581
563
241
770
973
632
106
385
432
957
568
398
102
639
568
1007
241
1007
568
771
990
270
360
119
45
973
581
360
119
272
216
272
102
873
661
661
873
241
145
937
106
385
398
873
816
102
744
568
771
639
568
270
613
873
241
580
806
360
580
568
957
873
241
530
323
873
957
873
873
806
789
45
580
270
496
580
106
916
241
581
580
102
398
106
216
323
568
873
568
241
580
580
815
310
241
398
581
613
581
270
163
749
310
916
853
873
568
533
1007
973
916
874
632
957
45
310
661
674
74
568
102
916
873
106
815
871
385
360
74
815
973
568
328
806
853
580
815
957
119
385
360
581
106
568
661
398
216
874
119
45
1007
973
705
216
568
580
385
568
216
661
937
661
844
398
873
241
815
398
163
957
581
102
216
674
957
993
568
639
771
871
661
973
639
328
789
568
853
613
581
770
973
74
45
973
916
496
241
937
119
806
916
106
789
272
639
241
963
770
145
815
45
580
580
580
661
853
993
816
119
853
973
815
937
398
613
815
568
770
432
241
241
806
241
102
270
789
1007
398
973
580
963
385
581
873
639
871
605
119
639
568
661
631
270
581
1007
398
957
771
241
272
871
530
102
639
973
873
328
965
580
270
816
568
310
216
270
102
770
963
45
241
360
871
816
853
806
43
385
216
328
241
563
568
310
106
102
530
568
874
398
1007
973
74
873
568
874
674
102
853
568
328
102
568
806
916
916
1007
815
581
45
580
119
568
873
873
581
301
347
581
1007
580
568
45
874
119
241
973
815
639
632
661
568
1007
568
241
241
102
216
270
873
216
74
613
360
102
789
45
216
1007
145
937
990
815
568
916
789
568
568
328
163
360
533
580
241
328
398
661
360
272
874
432
639
873
828
106
45
74
45
323
323
241
568
631
581
106
718
789
580
816
873
432
163
568
873
385
45
216
332
771
385
270
45
74
119
973
360
43
1007
957
816
639
241
398
771
770
661
163
973
568
581
771
360
568
581
241
360
241
385
973
45
74
815
705
705
272
1007
661
310
639
310
45
119
771
806
398
568
639
328
605
580
580
916
163
533
631
74
432
360
993
1007
581
106
398
770
241
916
806
568
102
241
563
853
990
360
661
533
581
581
770
45
102
789
323
241
771
568
563
815
1007
705
568
937
568
568
45
661
873
581
568
990
613
705
216
815
45
241
661
102
45
106
360
568
360
789
853
580
973
853
632
241
216
241
241
328
873
789
993
568
398
241
163
45
496
853
873
102
568
632
241
639
45
360
631
328
873
916
853
332
815
347
957
789
323
806
874
705
744
270
580
360
770
705
655
568
580
916
806
119
323
360
568
873
580
216
106
770
1007
45
119
1007
639
216
770
568
916
580
106
806
102
45
916
916
815
806
957
639
102
360
163
632
963
581
568
241
568
241
639
360
874
241
770
432
990
216
973
873
957
563
744
241
216
385
963
884
45
639
973
853
102
398
216
789
916
568
973
241
568
533
106
385
973
568
581
360
937
853
568
853
605
241
815
874
581
873
45
45
580
874
568
884
385
241
806
385
789
328
613
770
639
990
398
163
916
45
789
916
605
398
990
873
45
568
789
873
580
937
871
580
328
328
580
241
789
432
639
771
661
106
241
530
106
771
789
581
45
806
106
270
106
815
145
873
241
360
873
241
216
568
328
828
323
993
496
632
270
241
216
1007
789
385
705
581
45
45
102
568
432
957
705
963
937
973
241
744
398
568
398
241
119
749
102
272
385
853
800
674
568
631
145
530
106
568
789
580
613
853
323
815
937
102
216
749
613
216
789
102
639
530
806
323
1007
853
45
705
815
533
990
106
568
241
216
270
873
241
216
106
45
800
119
385
806
806
770
568
241
347
106
770
873
744
45
45
106
385
163
106
241
163
873
874
106
568
937
815
119
873
973
973
873
1007
631
568
496
815
789
385
360
328
580
145
360
360
272
241
580
580
937
580
102
241
119
771
580
45
323
45
323
568
874
957
705
580
873
360
639
957
916
119
718
568
533
360
632
398
398
45
102
241
632
568
806
580
957
957
605
916
816
815
328
496
1007
398
973
816
853
771
568
216
581
43
102
806
360
815
332
163
563
106
385
568
661
957
771
568
119
581
106
853
216
74
163
749
993
853
119
937
871
963
568
1007
102
770
916
216
873
800
789
568
815
957
398
145
241
163
806
789
241
806
163
916
873
323
873
789
102
816
957
432
770
163
45
45
119
568
496
871
806
639
580
241
432
1007
581
973
102
963
45
102
496
568
241
1007
884
106
853
45
454
789
632
45
43
563
216
705
530
744
789
568
106
789
241
45
106
661
580
916
957
916
816
631
323
270
853
1007
145
916
580
605
270
106
993
563
241
360
563
581
806
568
385
360
806
119
270
993
272
581
973
102
568
871
871
873
873
815
328
102
705
957
661
580
45
873
398
360
241
241
241
563
789
216
45
937
568
806
568
347
631
580
432
874
916
789
310
332
241
398
853
816
106
216
360
74
853
45
605
568
705
568
639
1007
216
873
705
272
385
347
613
119
568
580
241
816
241
45
43
580
568
937
580
874
815
398
328
705
241
216
973
661
806
385
45
45
894
216
568
853
323
580
270
581
806
241
580
533
580
806
973
270
771
360
916
806
106
568
705
800
568
106
568
216
806
957
432
744
884
661
568
580
873
973
568
789
241
568
916
45
993
957
163
965
568
873
568
581
770
106
241
272
385
580
806
853
432
581
432
568
241
916
398
272
873
385
360
241
385
789
937
106
937
241
398
102
580
241
916
568
873
894
360
241
145
581
360
844
965
873
800
770
45
580
328
957
45
581
563
916
581
119
106
815
568
385
568
993
119
816
563
163
241
873
328
770
705
398
993
874
990
347
272
398
581
568
568
806
328
568
661
241
816
360
241
360
568
45
806
360
762
216
771
241
216
45
871
770
45
398
705
360
568
530
43
496
581
568
106
45
398
432
360
853
816
102
806
568
102
568
106
853
789
973
163
639
580
568
613
613
45
639
789
119
45
916
631
385
631
432
163
705
241
45
631
454
874
705
74
581
789
844
613
163
639
853
580
533
853
106
568
43
241
568
1
45
102
800
568
568
301
241
216
973
770
241
241
360
106
563
873
119
580
119
102
613
770
106
581
568
563
241
568
106
360
581
241
639
360
661
385
568
398
973
916
530
957
957
973
323
771
241
241
385
360
632
937
106
874
816
800
102
45
45
937
432
884
789
816
385
580
360
360
106
853
145
806
568
568
581
163
568
216
800
241
973
973
385
568
568
705
563
873
241
568
871
398
43
332
873
705
398
328
398
568
568
568
241
533
916
398
241
581
45
568
806
45
332
568
102
102
45
871
815
241
568
102
937
770
119
789
563
241
789
815
631
844
45
873
815
328
916
632
241
241
45
957
580
568
568
1007
360
385
957
957
1007
884
568
705
119
385
1
580
874
360
216
568
568
580
568
873
323
568
106
973
1
853
916
568
385
385
613
432
973
45
568
568
884
632
770
568
106
853
789
360
106
937
661
106
580
580
568
216
270
580
916
965
639
568
241
102
639
632
568
873
568
632
806
568
973
874
102
973
385
568
844
844
853
990
661
639
581
815
871
568
580
853
241
102
581
580
1007
973
119
568
241
568
45
874
568
328
119
328
705
705
580
568
1
581
973
957
661
568
815
957
937
568
973
102
563
770
360
815
853
270
270
241
568
74
145
916
873
106
957
957
272
102
270
145
568
580
45
385
771
705
916
973
873
272
639
45
874
639
789
990
789
873
639
1019
580
45
432
568
360
581
806
973
705
806
568
102
398
563
568
973
163
789
973
632
937
398
770
957
241
216
957
580
360
874
973
398
844
873
360
1
568
241
853
873
323
993
580
770
163
916
241
568
844
568
323
568
102
432
568
106
241
632
241
639
145
873
613
385
800
360
385
568
631
360
581
873
873
916
874
216
568
1007
770
568
874
45
806
957
398
216
916
568
661
568
102
45
873
45
568
270
568
916
1
568
1007
1007
163
568
432
385
806
432
789
323
328
853
216
568
106
639
916
661
568
270
937
815
45
1
631
74
580
328
973
43
853
874
360
568
874
873
328
661
323
328
216
163
581
398
385
568
916
45
581
106
45
568
771
705
102
639
102
45
102
815
496
639
807
241
874
398
937
916
568
398
216
705
272
770
770
580
568
385
894
853
496
568
806
873
45
581
530
241
993
815
973
806
106
661
432
815
272
102
973
432
241
568
102
145
360
45
661
568
530
270
119
106
916
241
241
328
106
74
631
323
432
360
853
874
874
800
632
323
639
106
360
916
568
106
106
568
45
815
770
973
323
806
568
806
632
241
106
613
1
45
580
563
916
241
360
608
270
605
631
853
568
815
705
965
360
432
1019
800
323
241
568
1
815
568
272
398
360
568
806
884
800
800
360
568
853
496
323
216
360
937
568
45
916
360
568
873
270
270
580
568
385
301
568
661
102
241
972
568
742
241
661
568
102
106
639
563
568
568
360
568
844
806
844
385
853
385
957
613
800
102
568
770
568
873
770
580
106
580
45
43
425
360
106
398
272
568
816
705
871
241
800
568
937
45
241
102
853
568
973
270
973
806
568
705
815
815
568
1
957
973
106
568
1
323
916
957
106
432
568
301
216
568
815
568
530
102
106
853
613
800
800
973
216
106
568
398
360
102
1
45
568
973
568
853
815
581
45
332
770
705
360
568
874
581
241
828
873
828
815
581
608
580
815
957
874
323
937
328
106
758
771
530
568
844
568
241
568
1
973
106
568
45
568
45
705
828
360
605
345
398
106
990
385
874
272
937
957
806
580
241
568
661
661
1007
705
580
568
216
705
1
631
272
241
789
815
241
385
241
613
661
568
639
398
102
432
631
815
916
639
568
806
916
789
454
771
74
360
119
568
957
45
639
272
580
568
568
661
394
874
323
853
661
568
894
432
568
106
328
581
241
360
323
770
398
580
360
957
873
74
106
241
873
871
568
874
806
568
705
45
639
705
661
241
241
102
568
496
568
770
853
568
815
102
916
873
581
973
705
568
568
568
973
323
957
973
1019
873
568
119
828
119
770
957
245
227
712
481
609
84
260
148
370
631
99
561
561
543
831
524
813
651
84
168
168
84
168
299
438
543
838
570
509
341
570
561
168
370
838
438
168
203
36
561
561
481
481
450
509
899
651
384
570
883
188
245
450
405
61
838
740
606
372
61
524
570
575
933
61
509
570
481
631
260
831
712
36
245
831
370
148
899
481
561
509
227
58
481
481
777
299
597
883
245
712
609
341
831
831
203
933
179
58
597
831
712
481
405
370
370
99
168
99
979
597
606
838
245
450
384
372
561
84
481
570
561
838
899
543
990
899
933
712
813
84
838
509
245
570
168
370
450
481
975
606
813
740
561
260
899
740
188
99
450
524
597
524
200
609
838
450
438
113
481
481
838
597
36
384
36
450
99
712
575
405
481
609
99
450
609
899
188
36
113
651
188
990
481
570
99
481
99
597
597
36
899
838
570
481
99
555
899
168
370
370
838
450
372
372
61
609
899
99
188
712
179
168
99
606
838
481
200
651
227
99
481
863
384
61
597
831
179
570
200
899
570
561
450
671
631
179
481
341
481
883
813
148
168
341
481
84
227
933
168
740
99
561
606
370
200
740
933
99
884
740
99
450
168
990
631
481
36
600
370
933
831
838
58
168
884
61
570
831
631
341
597
370
883
933
600
740
148
813
200
899
179
438
147
740
899
899
450
838
341
200
813
561
838
777
148
570
36
58
99
113
147
740
58
260
609
740
168
651
147
245
85
631
740
341
609
979
245
370
838
899
838
561
370
227
481
341
883
777
99
575
561
438
188
543
99
838
700
575
438
481
84
450
884
99
1020
99
384
979
902
838
570
113
631
188
555
933
597
450
651
561
575
740
813
99
606
524
85
450
179
99
168
863
188
450
600
597
696
168
99
631
740
933
696
113
227
36
36
740
260
450
671
168
99
179
168
575
570
461
372
884
99
740
597
370
188
260
188
883
481
36
148
561
543
1020
85
631
206
712
597
712
481
543
148
884
838
884
58
712
99
899
260
113
606
370
341
631
36
561
260
260
227
838
481
179
838
651
481
372
524
555
188
148
372
524
481
509
570
384
200
651
838
450
450
206
631
524
260
148
979
884
99
341
902
245
631
651
863
168
883
113
575
481
168
370
481
883
168
481
61
740
570
575
838
481
481
696
438
99
696
99
575
405
58
99
740
606
570
148
179
168
777
570
597
227
99
372
561
61
606
370
597
597
543
372
740
933
838
370
260
99
575
99
740
203
561
148
179
227
384
651
561
481
481
148
374
438
99
543
148
58
712
597
524
561
838
481
831
450
631
631
606
524
99
813
740
188
597
902
838
524
651
200
831
838
712
200
147
838
933
609
561
696
838
384
606
260
58
260
631
260
147
561
405
884
99
524
740
863
575
740
838
188
148
561
899
575
831
561
831
543
575
481
696
36
651
61
883
481
863
179
370
838
179
838
299
606
372
884
99
61
740
188
36
58
148
712
148
438
450
631
188
664
561
179
260
606
168
179
740
405
99
227
509
838
438
260
370
561
524
712
561
813
481
561
481
509
438
99
740
438
524
370
481
883
712
609
813
61
450
99
450
147
99
341
370
99
481
372
902
631
99
597
712
370
651
838
405
438
696
740
651
61
509
561
450
561
838
597
606
570
227
84
85
438
450
884
99
696
450
61
481
61
481
341
113
450
36
863
372
813
481
863
481
405
606
99
831
481
245
99
450
561
148
341
838
36
777
188
405
58
933
740
188
813
61
570
341
740
370
61
148
481
561
570
597
370
450
36
384
188
200
99
450
561
179
838
899
372
899
712
260
838
831
200
36
838
113
450
543
61
606
481
99
438
524
36
740
481
543
570
838
902
570
902
631
740
99
570
651
481
206
570
481
696
570
99
206
99
481
609
631
606
777
260
481
341
902
200
200
179
99
899
561
99
200
902
481
147
405
370
575
838
606
200
203
188
405
227
168
740
740
148
200
206
450
561
61
438
606
838
481
606
561
570
740
570
370
370
933
227
933
450
570
979
570
99
838
148
933
179
631
777
168
245
168
341
341
561
481
61
883
188
168
206
481
200
188
179
671
933
260
606
188
740
168
179
438
36
671
61
838
450
99
206
543
99
597
113
831
481
884
575
813
372
570
36
58
570
147
405
712
813
777
99
58
113
61
36
450
712
84
61
438
600
481
561
543
188
524
168
597
481
245
148
600
740
813
245
481
884
61
61
597
838
450
696
570
979
227
168
200
481
651
696
384
631
179
979
606
863
543
543
838
99
481
168
481
899
99
838
561
631
838
99
438
168
597
99
245
838
740
58
99
631
597
561
570
902
58
481
147
450
372
260
84
838
84
481
899
148
206
838
899
438
384
481
712
58
245
813
341
575
838
570
899
481
179
200
831
575
179
631
609
370
61
481
609
148
148
899
370
206
61
99
58
206
168
570
884
838
813
777
200
99
831
245
543
712
341
341
600
561
570
58
740
700
561
341
148
631
36
671
188
561
36
543
481
372
58
524
899
168
899
260
200
481
990
188
36
99
245
370
831
838
838
696
606
84
990
227
245
597
481
712
555
99
148
99
570
740
384
831
260
179
481
370
260
883
58
570
168
168
113
481
99
372
260
481
838
831
450
902
813
370
188
405
570
188
561
61
260
245
631
570
438
600
838
575
606
570
543
831
631
481
168
260
252
481
561
147
61
245
147
979
200
179
481
200
99
740
85
740
651
606
597
561
597
370
206
838
168
631
863
543
631
341
740
147
260
200
777
524
481
179
561
838
933
99
838
450
61
113
899
450
543
188
348
405
597
384
524
58
148
450
838
838
168
341
831
341
378
99
740
168
370
99
740
341
696
341
813
341
740
99
543
384
838
481
58
405
113
575
838
813
813
813
179
227
712
260
168
99
481
370
113
113
712
405
188
883
883
148
561
606
188
561
813
631
188
245
555
374
609
58
777
740
450
597
99
188
168
450
481
606
561
481
481
631
99
979
813
341
631
260
481
883
84
631
481
481
902
631
84
179
863
370
438
147
651
99
570
85
481
481
899
370
543
597
883
631
179
838
179
570
36
148
84
831
863
168
899
575
884
777
561
606
147
863
609
933
543
631
405
99
260
543
700
85
188
341
700
524
99
260
227
260
883
543
813
838
933
884
168
481
438
664
740
990
831
696
631
606
831
813
838
609
481
838
188
631
370
712
260
206
838
561
481
206
113
438
370
863
84
481
438
168
838
933
370
570
481
188
561
570
597
200
341
555
609
575
341
450
606
481
700
543
831
838
606
450
450
555
838
99
838
450
700
384
979
188
597
555
838
651
168
899
555
524
740
36
561
606
370
838
863
712
99
481
831
450
884
570
99
61
606
61
245
148
168
671
148
631
712
84
740
99
740
374
384
84
838
378
99
606
481
370
481
168
899
561
609
384
99
481
405
933
813
200
606
740
481
575
148
813
597
405
838
99
260
570
99
61
99
597
188
740
481
260
61
481
606
99
245
99
575
168
168
575
113
902
838
777
597
899
838
99
570
509
740
609
370
227
838
147
450
631
570
561
543
979
61
481
555
370
36
200
899
450
148
200
405
481
609
99
561
740
179
370
148
168
561
84
740
740
148
168
570
481
543
481
168
671
575
597
899
260
838
99
168
438
933
555
341
374
405
838
606
813
99
543
58
168
570
813
99
933
561
606
461
370
838
113
99
58
884
899
405
370
227
99
700
245
899
740
555
481
148
99
570
700
481
740
200
570
179
148
36
58
206
740
245
838
113
245
570
374
975
863
712
260
188
450
570
206
570
543
838
188
606
740
570
450
99
61
543
36
507
863
696
561
99
188
631
450
148
85
370
597
481
481
85
570
863
570
561
450
378
838
438
200
838
374
570
113
99
664
863
58
884
543
597
113
179
179
481
405
740
575
370
631
524
251
524
740
179
179
740
481
58
206
712
84
481
341
450
481
36
450
260
813
450
168
838
838
570
712
740
99
200
838
570
179
712
570
450
99
606
899
696
481
148
384
838
561
575
651
524
813
58
609
570
438
651
370
450
570
740
696
99
481
543
378
555
260
481
450
561
575
481
609
481
168
481
570
148
99
831
450
597
700
370
374
863
168
405
481
700
570
700
202
575
651
206
740
777
884
341
651
188
370
113
374
481
99
384
740
561
58
899
712
36
168
113
838
838
1020
378
405
481
700
543
561
245
838
450
206
570
899
575
374
575
777
570
431
606
84
99
99
740
609
113
631
481
863
481
863
597
555
838
561
631
374
813
700
84
740
99
570
740
148
570
700
777
561
570
561
260
113
188
838
148
838
341
863
831
481
561
561
450
575
653
370
696
975
200
431
555
99
884
405
481
575
148
524
370
260
85
838
700
481
597
481
863
575
450
378
712
863
481
227
370
899
570
450
61
148
740
813
838
1020
481
384
543
481
450
168
450
374
36
341
740
555
481
561
1020
555
260
245
84
597
168
899
740
813
168
740
348
555
700
561
838
838
883
609
597
384
1020
831
341
740
438
561
597
341
36
543
696
933
85
206
777
148
179
555
481
99
740
1020
370
113
597
481
245
206
58
884
58
148
148
561
606
58
524
507
813
831
85
168
370
179
168
813
863
899
606
777
712
99
481
664
168
606
838
863
384
36
863
631
99
99
148
933
260
561
481
99
740
384
543
168
740
99
113
61
227
450
370
671
84
461
575
740
85
370
597
85
168
740
85
597
481
148
85
457
831
740
99
179
481
933
168
631
561
606
168
863
570
450
450
543
575
99
561
148
631
597
555
99
979
461
606
85
838
99
450
570
58
179
570
831
740
899
838
148
543
1020
84
450
99
863
481
431
99
863
168
99
740
740
374
481
36
61
370
99
838
831
99
341
168
179
450
148
1020
543
99
740
561
740
245
374
200
555
36
481
555
481
712
740
777
696
524
36
251
609
36
450
570
148
884
481
260
740
206
99
450
179
561
651
740
206
113
481
481
606
450
245
148
653
712
260
838
405
84
85
148
457
712
99
597
884
561
168
341
461
651
168
838
58
597
561
384
622
188
227
740
653
374
341
1020
740
838
61
543
524
99
631
61
245
260
481
168
168
561
61
481
168
863
84
979
631
831
700
405
555
631
481
188
99
555
481
831
831
251
168
481
838
481
450
438
431
606
481
884
481
561
438
524
979
831
99
933
481
831
179
813
113
245
561
622
202
99
99
651
99
813
431
85
251
740
481
561
260
260
99
606
575
99
740
450
227
575
168
481
245
99
481
700
168
884
481
696
481
570
58
570
831
884
461
384
168
838
609
651
99
651
543
85
831
606
813
606
740
168
631
863
561
85
631
99
260
740
36
61
863
561
575
113
863
651
712
99
813
561
481
200
543
979
179
99
341
378
606
543
113
838
374
168
561
570
84
168
384
933
370
570
597
838
378
61
813
884
481
168
378
481
979
570
245
99
740
374
168
99
457
481
651
84
696
884
431
838
245
740
481
450
561
838
99
431
696
168
575
543
561
700
570
36
884
609
561
85
899
740
631
341
348
543
384
863
245
206
99
450
838
481
831
168
481
188
740
58
450
374
431
622
206
831
831
838
481
450
543
405
370
450
341
168
188
99
374
168
597
712
863
99
902
609
99
606
863
740
99
148
740
481
113
113
188
99
481
813
84
85
188
99
481
36
168
481
245
838
481
606
206
384
384
113
99
575
99
405
631
450
622
36
609
561
481
99
148
179
36
696
384
168
777
884
609
700
99
570
979
200
700
245
206
245
341
481
570
461
700
245
543
570
188
481
740
99
168
609
332
561
450
370
99
570
712
450
85
99
831
524
85
168
168
450
450
884
555
777
99
481
597
899
979
168
168
524
933
452
363
588
398
968
910
363
452
968
95
363
26
378
661
567
356
910
363
583
318
910
430
363
762
30
132
685
452
132
363
1012
685
910
689
762
307
971
689
452
363
378
363
363
230
686
588
588
689
762
307
452
527
363
968
631
363
583
686
689
430
567
363
572
1012
104
689
95
655
363
384
689
230
430
239
26
717
307
968
746
588
971
583
746
685
26
631
973
452
968
307
363
631
588
910
959
812
588
95
689
1005
363
971
661
95
686
104
689
132
572
959
567
567
163
452
363
655
30
132
717
1013
30
968
971
968
547
674
26
547
363
307
910
910
968
655
363
466
26
685
363
95
583
307
884
1013
363
1012
686
973
1005
95
910
95
661
655
910
30
910
26
910
689
884
567
230
685
631
689
583
363
910
973
163
363
583
384
132
430
689
239
910
239
968
689
132
318
26
452
572
363
363
132
30
685
547
689
588
746
572
452
567
910
762
968
363
689
307
384
661
689
573
104
689
655
1013
655
910
971
971
685
619
910
971
968
363
887
689
573
567
661
567
689
230
689
239
685
452
398
547
971
573
363
583
307
1012
527
363
631
430
95
363
452
527
583
567
1005
573
527
416
527
583
689
572
1005
910
527
674
910
973
689
1015
588
239
959
588
128
588
910
685
239
527
378
685
588
363
307
573
674
363
567
567
527
971
452
973
631
573
363
547
363
631
631
976
971
884
959
971
655
631
685
1013
685
599
547
631
26
971
972
583
572
959
567
430
973
363
583
95
971
398
685
588
163
452
631
971
307
910
384
363
363
452
363
573
631
567
163
527
230
971
363
452
363
685
26
583
26
674
588
689
884
132
307
686
971
163
1005
959
363
95
95
887
812
363
631
599
968
363
363
363
959
661
363
971
307
378
689
567
655
573
527
452
689
910
884
573
26
363
973
583
884
363
588
689
363
762
674
631
884
104
689
452
104
588
26
583
567
971
661
363
968
527
230
398
631
363
95
689
363
971
363
762
527
384
452
1012
968
104
26
363
363
884
452
363
363
971
588
363
239
163
104
363
599
363
572
363
685
973
910
363
363
631
452
1013
689
363
109
910
685
132
689
278
1013
363
689
968
910
968
239
689
239
968
685
567
95
230
398
762
1005
452
968
968
971
972
307
363
363
1005
239
363
567
452
307
973
631
968
689
685
567
1005
567
363
686
717
452
26
30
398
547
631
363
104
573
689
363
163
163
762
547
527
363
762
398
163
631
674
239
547
567
307
1013
685
746
689
599
910
1012
968
599
363
363
746
661
1005
398
26
661
884
1005
363
104
1015
971
363
278
1005
959
363
689
599
910
631
910
452
356
104
230
239
971
631
661
466
547
532
685
363
452
631
746
674
452
573
284
959
959
384
717
959
746
661
572
762
26
452
674
547
910
685
104
318
104
363
567
132
599
583
631
910
230
307
567
685
398
307
685
527
1013
1015
910
973
398
363
363
572
363
567
1013
26
230
572
583
599
318
239
910
762
1012
452
307
466
163
910
599
971
572
762
452
971
384
363
452
674
910
363
452
685
972
527
378
976
452
884
527
910
968
452
746
547
655
967
95
746
452
30
363
959
685
583
547
230
307
95
452
109
599
685
363
230
230
307
363
26
567
95
384
583
1005
661
674
971
1005
685
356
132
976
685
452
384
547
972
363
588
599
971
583
104
363
655
599
685
452
132
685
378
363
363
588
363
363
599
527
674
588
230
910
239
230
717
972
452
452
583
547
572
973
452
973
689
307
104
466
631
972
452
599
452
685
567
452
430
910
746
398
307
363
588
884
910
689
567
588
363
363
573
567
959
971
363
619
689
26
762
430
588
689
717
572
655
363
746
685
689
746
307
631
661
685
689
452
959
547
363
968
910
547
973
109
689
655
967
689
959
363
910
363
363
104
689
163
452
910
132
398
686
588
572
1012
363
631
746
655
583
583
527
363
583
972
230
967
971
430
689
689
1015
363
689
230
631
968
230
363
910
717
416
689
762
416
661
583
588
599
230
689
1013
910
452
547
959
971
307
968
588
685
452
363
363
26
973
95
230
588
363
430
689
588
655
452
968
583
95
527
318
674
95
1005
717
239
163
1013
363
674
109
689
26
363
689
968
452
971
104
972
363
968
661
239
452
363
452
971
430
686
973
972
363
572
689
925
452
685
599
363
1013
239
26
567
572
307
104
631
363
363
572
689
567
547
572
972
689
452
230
573
685
452
746
971
363
363
685
968
567
689
968
430
567
109
452
746
599
599
910
588
307
307
631
41
971
968
588
762
363
363
583
1013
363
363
884
599
104
363
567
547
972
972
363
4
910
567
583
1013
230
583
363
104
583
910
452
674
631
689
599
378
363
661
104
583
132
1015
109
689
599
599
599
661
547
971
971
689
971
910
959
685
567
689
547
631
363
363
356
452
547
972
971
384
1005
567
363
746
95
973
588
163
812
655
95
689
318
1015
685
363
583
746
976
109
318
104
416
971
1013
976
307
363
972
631
583
363
959
674
583
655
685
959
599
363
239
588
452
398
685
661
398
910
398
363
363
363
685
398
230
567
363
363
1012
762
968
689
307
398
588
968
527
971
430
547
104
284
452
547
685
971
583
452
356
132
378
527
356
384
631
686
685
689
452
910
968
631
572
674
967
307
318
910
363
685
363
430
356
685
631
363
583
689
685
527
572
318
1005
884
307
398
163
746
968
452
599
572
239
363
583
132
363
588
104
363
631
583
689
689
968
95
685
452
1005
1013
384
109
588
363
812
363
416
686
685
547
30
971
452
363
363
971
968
685
363
307
230
685
363
278
527
26
972
689
230
318
567
599
685
968
685
307
1013
910
452
967
378
910
572
452
363
599
278
363
685
685
527
910
363
971
1012
686
1012
1015
95
685
686
466
278
363
971
971
95
910
685
812
416
572
971
631
588
1015
26
547
363
588
573
132
968
655
631
573
689
363
307
356
689
1005
163
685
746
95
689
812
363
1005
976
661
689
363
887
26
547
1013
363
95
452
452
284
452
132
957
318
887
398
547
452
252
363
378
685
363
971
968
959
661
746
239
971
452
631
967
971
1013
466
572
95
307
910
971
661
573
363
910
363
452
1013
572
567
430
812
378
363
573
689
910
527
674
685
655
655
1012
968
452
307
363
973
572
547
583
925
452
363
746
95
685
527
746
95
363
1015
547
959
631
689
1005
95
583
452
307
971
1012
363
363
1005
685
363
1015
95
163
588
363
661
588
583
163
910
971
689
547
910
1015
971
452
717
41
452
631
363
466
619
452
631
968
910
685
599
430
452
95
661
527
685
398
910
631
230
685
567
239
884
452
363
363
968
573
527
363
689
1013
689
812
452
384
363
318
910
717
318
452
363
689
685
363
452
466
1013
572
416
452
239
163
762
527
567
466
968
318
599
717
26
239
959
689
26
689
572
631
599
686
452
307
968
925
1013
689
430
307
686
762
239
685
599
363
95
230
1012
1005
452
599
968
363
812
685
363
363
398
567
685
363
363
26
573
527
430
26
527
685
567
104
547
959
685
971
567
572
661
674
307
685
968
363
976
685
452
910
588
430
239
746
384
430
104
685
599
95
685
109
452
910
972
527
573
971
363
599
572
968
363
430
631
104
26
239
572
363
1015
910
762
466
452
547
631
363
588
685
452
95
674
746
163
599
363
452
363
910
971
307
686
599
655
452
416
547
959
631
239
230
1005
685
430
968
599
959
910
1005
527
26
631
971
959
583
307
971
452
573
1012
363
363
689
583
884
910
631
689
466
278
762
884
689
689
307
689
968
599
689
95
968
307
363
1013
971
452
689
762
567
976
452
685
363
631
887
631
968
685
363
26
631
95
717
363
363
452
968
971
95
588
527
567
26
588
973
452
887
583
971
689
689
655
884
689
968
971
968
599
661
685
363
685
689
968
363
1012
452
430
1015
363
655
416
363
685
976
363
466
655
452
452
588
685
1005
452
104
959
1013
307
971
318
685
910
363
363
1005
452
26
239
95
631
95
972
363
567
884
363
599
689
416
685
363
567
910
968
567
972
884
717
971
661
583
452
631
959
968
547
468
689
4
547
631
466
95
466
307
452
239
762
685
95
968
884
363
685
717
573
973
430
910
363
363
4
685
363
971
416
884
583
572
284
968
631
307
884
452
631
452
968
363
1005
674
689
884
95
689
655
239
599
972
661
307
887
122
762
631
661
689
95
4
690
619
318
239
363
527
631
971
567
452
452
239
573
762
910
661
583
599
685
973
95
685
717
689
599
1012
661
452
599
910
163
363
466
363
430
971
547
307
452
1005
567
452
689
976
973
527
95
588
572
1012
95
363
971
363
363
689
1005
104
631
968
685
363
655
1005
685
1005
661
363
452
631
4
230
239
452
631
239
599
572
363
95
363
452
363
599
685
307
527
278
430
567
547
685
363
631
26
689
685
689
685
573
95
583
959
239
398
674
363
689
689
631
631
572
363
452
567
686
631
572
230
583
363
685
972
239
762
588
547
661
968
762
619
619
567
4
572
972
363
572
689
307
363
307
547
230
685
95
689
430
1012
1005
452
26
968
631
583
363
973
599
959
452
583
1005
547
95
547
95
689
631
363
631
717
104
547
363
655
363
363
971
363
968
884
1015
527
363
971
685
685
655
731
1015
655
925
674
547
567
363
363
971
95
685
547
1015
547
26
572
430
363
655
631
689
655
910
573
363
363
527
466
910
284
976
547
573
363
971
547
466
567
971
884
599
95
583
973
363
1005
416
132
452
661
884
968
689
95
631
466
762
631
971
363
363
547
363
573
762
416
363
1005
307
452
685
661
95
1005
466
971
363
588
452
26
416
910
631
884
884
363
655
572
573
631
284
689
619
619
95
527
884
910
363
363
95
968
686
661
363
363
968
910
685
278
1013
547
363
689
452
588
631
239
567
1012
468
685
284
884
717
95
685
573
95
1015
363
689
1013
685
104
1005
95
973
527
976
239
1013
685
95
452
971
971
468
573
163
583
887
968
452
26
1005
363
239
452
910
599
26
689
685
884
968
163
239
567
689
307
910
674
572
567
363
95
307
252
973
363
318
599
1005
95
762
363
547
363
307
466
363
307
230
363
363
363
762
239
968
163
363
661
884
284
363
689
971
95
573
284
307
1005
599
762
685
452
239
619
1005
363
95
689
452
674
430
547
95
661
690
363
973
26
631
122
318
230
252
95
971
95
588
278
239
910
973
685
887
631
26
689
95
430
284
685
661
547
452
547
686
976
1005
884
1005
122
468
363
1005
884
685
284
655
631
971
363
452
452
307
416
661
363
910
685
976
132
685
762
363
363
452
631
583
230
239
910
307
95
527
547
466
239
363
884
278
104
631
689
690
4
583
547
689
588
661
884
452
363
452
572
685
631
363
925
690
631
689
430
972
968
363
1005
278
583
430
1015
452
1013
588
971
104
307
466
655
363
1005
588
307
363
466
689
239
452
685
685
910
685
567
430
452
685
104
731
583
599
363
685
284
689
631
452
104
363
968
959
363
284
655
685
363
363
583
631
690
689
685
104
95
690
686
230
631
910
689
690
685
971
452
884
910
1012
661
573
307
572
363
599
239
363
547
973
973
599
163
588
1013
631
685
887
284
363
685
689
239
685
363
976
363
910
527
599
363
318
363
631
452
1012
318
363
599
284
547
583
689
746
968
968
452
363
466
968
573
972
547
239
572
452
588
968
416
363
1005
363
363
910
957
230
239
307
307
26
689
239
968
661
452
26
363
363
307
674
163
971
685
363
567
976
973
588
972
363
363
631
717
95
976
661
416
685
452
689
26
884
689
599
762
655
239
547
363
631
973
599
1005
239
318
572
363
95
690
452
239
547
307
26
661
452
547
583
884
583
363
278
717
363
363
95
631
1005
887
363
430
452
26
567
307
689
307
685
572
599
685
573
631
690
762
284
910
363
599
971
230
971
